90
161
0 49
49 39
39 69
69 31
31 51
51 8
8 89
89 42
0 81
81 4
4 88
88 53
53 68
68 80
80 37
37 54
54 46
81 7
49 7
4 24
7 24
88 66
24 66
53 6
66 6
68 76
6 76
80 38
76 38
37 34
38 34
54 12
34 12
46 61
12 61
7 19
39 19
24 5
19 5
66 45
5 45
6 44
45 44
76 2
44 2
38 47
2 47
34 59
47 59
12 23
59 23
61 82
23 82
19 26
69 26
5 15
26 15
45 67
15 67
44 41
67 41
2 58
41 58
47 10
58 10
59 29
10 29
23 32
29 32
82 28
32 28
26 63
31 63
15 75
63 75
67 16
75 16
41 70
16 70
58 57
70 57
10 43
57 43
29 71
43 71
32 25
71 25
28 22
25 22
63 56
51 56
75 1
56 1
16 65
1 65
70 84
65 84
57 17
84 17
43 72
17 72
71 85
72 85
25 87
85 87
22 11
87 11
56 9
8 9
1 48
9 48
65 20
48 20
84 86
20 86
17 73
86 73
72 14
73 14
85 62
14 62
87 21
62 21
11 50
21 50
9 40
89 40
48 3
40 3
20 52
3 52
86 60
52 60
73 36
60 36
14 30
36 30
62 18
30 18
21 35
18 35
50 64
35 64
40 79
42 79
3 83
79 83
52 13
83 13
60 77
13 77
36 33
77 33
30 27
33 27
18 74
27 74
35 55
74 55
64 78
55 78
