72
127
11 1
1 0
0 63
63 12
12 6
6 53
53 50
50 20
11 61
61 15
15 65
65 14
14 22
22 44
44 32
61 9
1 9
15 38
9 38
65 64
38 64
14 35
64 35
22 47
35 47
44 60
47 60
32 51
60 51
9 19
0 19
38 49
19 49
64 57
49 57
35 26
57 26
47 58
26 58
60 5
58 5
51 34
5 34
19 31
63 31
49 25
31 25
57 7
25 7
26 40
7 40
58 13
40 13
5 56
13 56
34 16
56 16
31 70
12 70
25 68
70 68
7 24
68 24
40 33
24 33
13 21
33 21
56 52
21 52
16 10
52 10
70 42
6 42
68 55
42 55
24 67
55 67
33 27
67 27
21 30
27 30
52 4
30 4
10 18
4 18
42 3
53 3
55 71
3 71
67 37
71 37
27 54
37 54
30 43
54 43
4 48
43 48
18 39
48 39
3 62
50 62
71 28
62 28
37 69
28 69
54 41
69 41
43 29
41 29
48 23
29 23
39 2
23 2
62 59
20 59
28 36
59 36
69 45
36 45
41 17
45 17
29 46
17 46
23 66
46 66
2 8
66 8
