57
92
8 1
1 9
8 50
50 42
42 49
49 26
26 3
3 16
16 24
24 56
56 52
52 5
5 36
36 39
39 12
12 11
11 34
34 31
31 23
23 28
50 10
1 10
42 40
10 40
49 48
40 48
26 55
48 55
3 15
55 15
16 32
15 32
24 54
32 54
56 27
54 27
52 25
27 25
5 21
25 21
36 13
21 13
39 30
13 30
12 43
30 43
11 14
43 14
34 46
14 46
31 19
46 19
23 38
19 38
28 29
38 29
10 6
9 6
40 17
6 17
48 0
17 0
55 35
0 35
15 4
35 4
32 7
4 7
54 45
7 45
27 33
45 33
25 47
33 47
21 22
47 22
13 41
22 41
30 20
41 20
43 53
20 53
14 51
53 51
46 44
51 44
19 18
44 18
38 2
18 2
29 37
2 37
