76
129
53 15
15 11
11 10
53 6
6 9
9 72
72 61
61 16
16 17
17 57
57 18
18 40
40 4
4 21
21 64
64 62
62 73
73 36
36 22
22 8
8 25
6 31
15 31
9 32
31 32
72 30
32 30
61 59
30 59
16 33
59 33
17 12
33 12
57 5
12 5
18 75
5 75
40 63
75 63
4 1
63 1
21 37
1 37
64 3
37 3
62 39
3 39
73 44
39 44
36 27
44 27
22 52
27 52
8 55
52 55
25 38
55 38
31 0
11 0
32 69
0 69
30 70
69 70
59 42
70 42
33 56
42 56
12 26
56 26
5 60
26 60
75 58
60 58
63 20
58 20
1 45
20 45
37 13
45 13
3 67
13 67
39 74
67 74
44 2
74 2
27 28
2 28
52 71
28 71
55 66
71 66
38 35
66 35
0 43
10 43
69 7
43 7
70 54
7 54
42 29
54 29
56 24
29 24
26 34
24 34
60 68
34 68
58 65
68 65
20 48
65 48
45 46
48 46
13 19
46 19
67 49
19 49
74 23
49 23
2 50
23 50
28 41
50 41
71 14
41 14
66 51
14 51
35 47
51 47
