100
180
24 98
98 61
61 83
83 8
8 45
45 47
47 7
7 1
1 25
24 9
9 18
18 17
17 15
15 51
51 49
49 23
23 41
41 43
9 26
98 26
18 10
26 10
17 92
10 92
15 74
92 74
51 67
74 67
49 46
67 46
23 68
46 68
41 42
68 42
43 29
42 29
26 48
61 48
10 16
48 16
92 59
16 59
74 53
59 53
67 78
53 78
46 80
78 80
68 55
80 55
42 77
55 77
29 14
77 14
48 76
83 76
16 64
76 64
59 70
64 70
53 11
70 11
78 63
11 63
80 66
63 66
55 31
66 31
77 54
31 54
14 6
54 6
76 0
8 0
64 12
0 12
70 89
12 89
11 84
89 84
63 94
84 94
66 79
94 79
31 57
79 57
54 65
57 65
6 44
65 44
0 4
45 4
12 71
4 71
89 58
71 58
84 90
58 90
94 50
90 50
79 72
50 72
57 30
72 30
65 91
30 91
44 62
91 62
4 3
47 3
71 96
3 96
58 38
96 38
90 13
38 13
50 21
13 21
72 86
21 86
30 39
86 39
91 75
39 75
62 40
75 40
3 93
7 93
96 82
93 82
38 97
82 97
13 34
97 34
21 19
34 19
86 32
19 32
39 88
32 88
75 33
88 33
40 36
33 36
93 22
1 22
82 95
22 95
97 28
95 28
34 35
28 35
19 60
35 60
32 20
60 20
88 5
20 5
33 85
5 85
36 27
85 27
22 81
25 81
95 37
81 37
28 73
37 73
35 87
73 87
60 99
87 99
20 69
99 69
5 2
69 2
85 52
2 52
27 56
52 56
