99
178
89 0
0 49
49 75
75 74
74 63
63 94
94 72
72 53
89 8
8 56
56 60
60 93
93 12
12 32
32 66
66 30
30 90
90 9
8 34
0 34
56 10
34 10
60 98
10 98
93 76
98 76
12 37
76 37
32 50
37 50
66 92
50 92
30 26
92 26
90 67
26 67
9 81
67 81
34 73
49 73
10 31
73 31
98 47
31 47
76 3
47 3
37 54
3 54
50 11
54 11
92 71
11 71
26 16
71 16
67 46
16 46
81 38
46 38
73 80
75 80
31 22
80 22
47 29
22 29
3 79
29 79
54 4
79 4
11 59
4 59
71 91
59 91
16 85
91 85
46 41
85 41
38 25
41 25
80 57
74 57
22 83
57 83
29 17
83 17
79 58
17 58
4 24
58 24
59 35
24 35
91 48
35 48
85 52
48 52
41 19
52 19
25 42
19 42
57 40
63 40
83 64
40 64
17 87
64 87
58 70
87 70
24 86
70 86
35 14
86 14
48 82
14 82
52 78
82 78
19 36
78 36
42 45
36 45
40 51
94 51
64 65
51 65
87 1
65 1
70 68
1 68
86 20
68 20
14 28
20 28
82 44
28 44
78 5
44 5
36 84
5 84
45 97
84 97
51 77
72 77
65 6
77 6
1 43
6 43
68 61
43 61
20 96
61 96
28 88
96 88
44 69
88 69
5 2
69 2
84 13
2 13
97 55
13 55
77 23
53 23
6 7
23 7
43 21
7 21
61 33
21 33
96 27
33 27
88 18
27 18
69 95
18 95
2 39
95 39
13 62
39 62
55 15
62 15
