63
110
9 1
1 10
10 55
55 11
11 6
6 47
9 44
44 38
38 24
24 57
57 42
42 50
50 37
37 2
44 18
1 18
38 3
18 3
24 60
3 60
57 51
60 51
42 41
51 41
50 14
41 14
37 35
14 35
2 17
35 17
18 54
10 54
3 15
54 15
60 49
15 49
51 45
49 45
41 43
45 43
14 0
43 0
35 32
0 32
17 23
32 23
54 53
55 53
15 52
53 52
49 62
52 62
45 21
62 21
43 33
21 33
0 26
33 26
32 5
26 5
23 31
5 31
53 8
11 8
52 16
8 16
62 27
16 27
21 59
27 59
33 39
59 39
26 46
39 46
5 4
46 4
31 29
4 29
8 28
6 28
16 34
28 34
27 19
34 19
59 36
19 36
39 20
36 20
46 40
20 40
4 56
40 56
29 30
56 30
28 61
47 61
34 7
61 7
19 58
7 58
36 22
58 22
20 25
22 25
40 13
25 13
56 12
13 12
30 48
12 48
