77
136
58 10
10 26
26 2
2 76
76 16
16 54
58 62
62 67
67 7
7 68
68 51
51 21
21 35
35 45
45 11
11 73
62 14
10 14
67 40
14 40
7 69
40 69
68 49
69 49
51 59
49 59
21 66
59 66
35 19
66 19
45 38
19 38
11 63
38 63
73 15
63 15
14 46
26 46
40 22
46 22
69 72
22 72
49 0
72 0
59 37
0 37
66 55
37 55
19 56
55 56
38 13
56 13
63 33
13 33
15 9
33 9
46 28
2 28
22 17
28 17
72 42
17 42
0 61
42 61
37 20
61 20
55 57
20 57
56 36
57 36
13 53
36 53
33 25
53 25
9 48
25 48
28 12
76 12
17 39
12 39
42 52
39 52
61 18
52 18
20 29
18 29
57 1
29 1
36 31
1 31
53 70
31 70
25 44
70 44
48 65
44 65
12 74
16 74
39 32
74 32
52 27
32 27
18 47
27 47
29 75
47 75
1 23
75 23
31 8
23 8
70 3
8 3
44 43
3 43
65 6
43 6
74 30
54 30
32 4
30 4
27 60
4 60
47 24
60 24
75 71
24 71
23 64
71 64
8 34
64 34
3 41
34 41
43 50
41 50
6 5
50 5
