80
142
70 13
13 41
41 59
59 33
33 27
27 56
56 28
70 55
55 57
57 15
15 66
66 10
10 36
36 61
61 20
20 21
55 46
13 46
57 19
46 19
15 43
19 43
66 17
43 17
10 42
17 42
36 47
42 47
61 32
47 32
20 52
32 52
21 60
52 60
46 39
41 39
19 45
39 45
43 6
45 6
17 72
6 72
42 38
72 38
47 53
38 53
32 25
53 25
52 71
25 71
60 29
71 29
39 65
59 65
45 30
65 30
6 16
30 16
72 74
16 74
38 8
74 8
53 3
8 3
25 40
3 40
71 34
40 34
29 26
34 26
65 14
33 14
30 75
14 75
16 67
75 67
74 2
67 2
8 44
2 44
3 73
44 73
40 0
73 0
34 76
0 76
26 5
76 5
14 69
27 69
75 9
69 9
67 22
9 22
2 31
22 31
44 24
31 24
73 63
24 63
0 64
63 64
76 18
64 18
5 12
18 12
69 35
56 35
9 68
35 68
22 79
68 79
31 54
79 54
24 48
54 48
63 51
48 51
64 50
51 50
18 58
50 58
12 7
58 7
35 37
28 37
68 77
37 77
79 62
77 62
54 23
62 23
48 4
23 4
51 1
4 1
50 78
1 78
58 11
78 11
7 49
11 49
