60
104
9 1
1 10
10 53
53 2
2 6
9 45
45 27
27 15
15 59
59 44
44 40
40 29
29 31
31 41
45 42
1 42
27 58
42 58
15 33
58 33
59 12
33 12
44 21
12 21
40 35
21 35
29 32
35 32
31 38
32 38
41 37
38 37
42 18
10 18
58 36
18 36
33 7
36 7
12 19
7 19
21 56
19 56
35 26
56 26
32 16
26 16
38 11
16 11
37 8
11 8
18 51
53 51
36 3
51 3
7 24
3 24
19 55
24 55
56 14
55 14
26 39
14 39
16 22
39 22
11 5
22 5
8 4
5 4
51 0
2 0
3 52
0 52
24 57
52 57
55 54
57 54
14 13
54 13
39 43
13 43
22 46
43 46
5 28
46 28
4 34
28 34
0 17
6 17
52 50
17 50
57 47
50 47
54 49
47 49
13 20
49 20
43 25
20 25
46 30
25 30
28 23
30 23
34 48
23 48
