56
94
3 27
27 4
4 44
44 28
28 40
40 14
14 54
54 41
41 42
42 22
22 36
36 5
5 15
3 13
13 26
26 46
13 2
27 2
26 43
2 43
46 52
43 52
2 31
4 31
43 7
31 7
52 11
7 11
31 48
44 48
7 38
48 38
11 19
38 19
48 0
28 0
38 30
0 30
19 50
30 50
0 39
40 39
30 33
39 33
50 20
33 20
39 25
14 25
33 35
25 35
20 45
35 45
25 8
54 8
35 53
8 53
45 12
53 12
8 49
41 49
53 17
49 17
12 23
17 23
49 10
42 10
17 51
10 51
23 37
51 37
10 18
22 18
51 55
18 55
37 29
55 29
18 32
36 32
55 1
32 1
29 47
1 47
32 9
5 9
1 21
9 21
47 24
21 24
9 34
15 34
21 6
34 6
24 16
6 16
