70
123
10 1
1 11
11 61
61 2
2 6
6 52
10 48
48 41
41 25
25 63
63 44
44 53
53 14
14 35
35 39
48 19
1 19
41 3
19 3
25 67
3 67
63 56
67 56
44 42
56 42
53 27
42 27
14 50
27 50
35 5
50 5
39 43
5 43
19 60
11 60
3 9
60 9
67 54
9 54
56 49
54 49
42 45
49 45
27 17
45 17
50 30
17 30
5 38
30 38
43 18
38 18
60 59
61 59
9 58
59 58
54 69
58 69
49 24
69 24
45 26
24 26
17 66
26 66
30 29
66 29
38 12
29 12
18 51
12 51
59 8
2 8
58 15
8 15
69 28
15 28
24 65
28 65
26 40
65 40
66 20
40 20
29 46
20 46
12 7
46 7
51 55
7 55
8 31
6 31
15 37
31 37
28 36
37 36
65 4
36 4
40 33
4 33
20 57
33 57
46 0
57 0
7 16
0 16
55 34
16 34
31 68
52 68
37 47
68 47
36 64
47 64
4 22
64 22
33 21
22 21
57 13
21 13
0 23
13 23
16 32
23 32
34 62
32 62
