92
157
14 1
1 0
0 81
81 2
2 7
7 68
68 63
63 24
24 78
78 77
77 22
22 38
38 89
89 52
52 80
80 79
79 75
75 15
15 45
45 60
60 27
27 87
14 6
6 48
48 5
6 91
1 91
48 66
91 66
5 32
66 32
91 30
0 30
66 88
30 88
32 34
88 34
30 41
81 41
88 9
41 9
34 16
9 16
41 83
2 83
9 37
83 37
16 13
37 13
83 3
7 3
37 39
3 39
13 56
39 56
3 71
68 71
39 42
71 42
56 18
42 18
71 59
63 59
42 64
59 64
18 25
64 25
59 8
24 8
64 47
8 47
25 73
47 73
8 84
78 84
47 54
84 54
73 29
54 29
84 40
77 40
54 4
40 4
29 21
4 21
40 11
22 11
4 61
11 61
21 36
61 36
11 50
38 50
61 58
50 58
36 74
58 74
50 46
89 46
58 90
46 90
74 72
90 72
46 51
52 51
90 86
51 86
72 53
86 53
51 19
80 19
86 20
19 20
53 31
20 31
19 33
79 33
20 76
33 76
31 65
76 65
33 49
75 49
76 35
49 35
65 10
35 10
49 28
15 28
35 23
28 23
10 57
23 57
28 62
45 62
23 82
62 82
57 69
82 69
62 26
60 26
82 67
26 67
69 44
67 44
26 70
27 70
67 12
70 12
44 55
12 55
70 85
87 85
12 43
85 43
55 17
43 17
