84
149
2 46
46 38
38 12
12 41
41 83
83 35
2 8
8 30
30 79
79 13
13 59
59 48
48 11
11 16
16 1
1 60
60 62
8 44
46 44
30 5
44 5
79 71
5 71
13 32
71 32
59 43
32 43
48 53
43 53
11 25
53 25
16 9
25 9
1 47
9 47
60 66
47 66
62 54
66 54
44 72
38 72
5 63
72 63
71 55
63 55
32 31
55 31
43 22
31 22
53 14
22 14
25 69
14 69
9 27
69 27
47 56
27 56
66 21
56 21
54 73
21 73
72 18
12 18
63 37
18 37
55 65
37 65
31 70
65 70
22 24
70 24
14 23
24 23
69 76
23 76
27 40
76 40
56 75
40 75
21 81
75 81
73 33
81 33
18 42
41 42
37 80
42 80
65 36
80 36
70 82
36 82
24 58
82 58
23 19
58 19
76 15
19 15
40 50
15 50
75 64
50 64
81 78
64 78
33 7
78 7
42 29
83 29
80 28
29 28
36 57
28 57
82 6
57 6
58 61
6 61
19 49
61 49
15 3
49 3
50 10
3 10
64 39
10 39
78 4
39 4
7 26
4 26
29 17
35 17
28 77
17 77
57 68
77 68
6 34
68 34
61 67
34 67
49 0
67 0
3 74
0 74
10 52
74 52
39 45
52 45
4 51
45 51
26 20
51 20
