66
115
10 1
1 0
0 58
58 11
11 6
6 49
49 46
46 19
19 56
56 9
10 18
18 63
63 37
37 2
2 4
18 29
1 29
63 51
29 51
37 22
51 22
2 62
22 62
4 17
62 17
29 64
0 64
51 65
64 65
22 43
65 43
62 7
43 7
17 52
7 52
64 39
58 39
65 28
39 28
43 41
28 41
7 55
41 55
52 12
55 12
39 3
11 3
28 8
3 8
41 44
8 44
55 13
44 13
12 31
13 31
3 57
6 57
8 60
57 60
44 36
60 36
13 26
36 26
31 21
26 21
57 54
49 54
60 59
54 59
36 14
59 14
26 50
14 50
21 5
50 5
54 15
46 15
59 53
15 53
14 33
53 33
50 32
33 32
5 34
32 34
15 35
19 35
53 47
35 47
33 27
47 27
32 30
27 30
34 48
30 48
35 45
56 45
47 24
45 24
27 23
24 23
30 40
23 40
48 20
40 20
45 25
9 25
24 61
25 61
23 38
61 38
40 16
38 16
20 42
16 42
