75
130
60 12
12 44
44 52
52 40
60 3
3 1
1 63
63 26
26 43
43 6
6 50
50 25
25 38
38 46
46 32
32 35
35 5
5 72
3 0
12 0
1 41
0 41
63 22
41 22
26 73
22 73
43 31
73 31
6 71
31 71
50 62
71 62
25 2
62 2
38 14
2 14
46 34
14 34
32 47
34 47
35 42
47 42
5 13
42 13
72 68
13 68
0 28
44 28
41 74
28 74
22 4
74 4
73 55
4 55
31 70
55 70
71 45
70 45
62 56
45 56
2 10
56 10
14 49
10 49
34 54
49 54
47 20
54 20
42 24
20 24
13 27
24 27
68 64
27 64
28 21
52 21
74 61
21 61
4 15
61 15
55 11
15 11
70 18
11 18
45 16
18 16
56 30
16 30
10 57
30 57
49 8
57 8
54 59
8 59
20 58
59 58
24 29
58 29
27 7
29 7
64 33
7 33
21 48
40 48
61 19
48 19
15 36
19 36
11 65
36 65
18 17
65 17
16 39
17 39
30 69
39 69
57 23
69 23
8 9
23 9
59 51
9 51
58 67
51 67
29 53
67 53
7 37
53 37
33 66
37 66
