69
112
10 1
1 11
11 61
61 2
2 6
6 51
51 48
48 19
19 59
59 58
58 8
8 30
30 67
67 41
41 3
3 9
9 57
57 60
60 37
37 47
47 25
25 66
10 53
53 20
53 68
1 68
20 56
68 56
68 28
11 28
56 13
28 13
28 36
61 36
13 14
36 14
36 63
2 63
14 50
63 50
63 62
6 62
50 43
62 43
62 55
51 55
43 46
55 46
55 7
48 7
46 35
7 35
7 24
19 24
35 0
24 0
24 64
59 64
0 16
64 16
64 4
58 4
16 54
4 54
4 22
8 22
54 52
22 52
22 44
30 44
52 38
44 38
44 42
67 42
38 31
42 31
42 45
41 45
31 12
45 12
45 26
3 26
12 18
26 18
26 40
9 40
18 39
40 39
40 33
57 33
39 34
33 34
33 21
60 21
34 32
21 32
21 23
37 23
32 15
23 15
23 27
47 27
15 5
27 5
27 17
25 17
5 29
17 29
17 65
66 65
29 49
65 49
