81
144
69 17
17 1
1 56
56 29
29 15
15 79
79 80
80 25
69 34
34 24
24 22
22 6
6 66
66 76
76 44
44 55
34 8
17 8
24 23
8 23
22 70
23 70
6 40
70 40
66 5
40 5
76 20
5 20
44 74
20 74
55 0
74 0
8 49
1 49
23 3
49 3
70 36
3 36
40 41
36 41
5 52
41 52
20 50
52 50
74 67
50 67
0 13
67 13
49 46
56 46
3 57
46 57
36 47
57 47
41 65
47 65
52 39
65 39
50 42
39 42
67 75
42 75
13 14
75 14
46 51
29 51
57 68
51 68
47 53
68 53
65 48
53 48
39 61
48 61
42 9
61 9
75 78
9 78
14 16
78 16
51 18
15 18
68 10
18 10
53 63
10 63
48 26
63 26
61 37
26 37
9 27
37 27
78 21
27 21
16 77
21 77
18 7
79 7
10 60
7 60
63 72
60 72
26 28
72 28
37 73
28 73
27 11
73 11
21 33
11 33
77 32
33 32
7 71
80 71
60 43
71 43
72 45
43 45
28 54
45 54
73 64
54 64
11 35
64 35
33 58
35 58
32 59
58 59
71 31
25 31
43 62
31 62
45 30
62 30
54 2
30 2
64 38
2 38
35 4
38 4
58 12
4 12
59 19
12 19
