78
137
1 77
77 13
13 53
53 52
52 74
1 54
54 57
57 23
23 38
38 58
58 25
25 28
28 50
50 17
17 51
51 68
68 75
54 69
77 69
57 18
69 18
23 60
18 60
38 44
60 44
58 0
44 0
25 12
0 12
28 56
12 56
50 46
56 46
17 63
46 63
51 11
63 11
68 45
11 45
75 31
45 31
69 47
13 47
18 29
47 29
60 6
29 6
44 59
6 59
0 61
59 61
12 36
61 36
56 5
36 5
46 22
5 22
63 43
22 43
11 37
43 37
45 41
37 41
31 20
41 20
47 10
53 10
29 26
10 26
6 76
26 76
59 65
76 65
61 42
65 42
36 4
42 4
5 66
4 66
22 72
66 72
43 14
72 14
37 15
14 15
41 27
15 27
20 7
27 7
10 48
52 48
26 19
48 19
76 67
19 67
65 49
67 49
42 30
49 30
4 62
30 62
66 73
62 73
72 39
73 39
14 35
39 35
15 9
35 9
27 24
9 24
7 40
24 40
48 33
74 33
19 16
33 16
67 8
16 8
49 64
8 64
30 21
64 21
62 3
21 3
73 32
3 32
39 71
32 71
35 2
71 2
9 70
2 70
24 55
70 55
40 34
55 34
