56
97
3 27
27 4
4 44
44 28
28 40
40 14
3 54
54 13
13 8
8 26
26 53
53 46
46 12
54 41
27 41
13 2
41 2
8 49
2 49
26 43
49 43
53 17
43 17
46 52
17 52
12 23
52 23
41 42
4 42
2 31
42 31
49 10
31 10
43 7
10 7
17 51
7 51
52 11
51 11
23 37
11 37
42 22
44 22
31 48
22 48
10 18
48 18
7 38
18 38
51 55
38 55
11 19
55 19
37 29
19 29
22 36
28 36
48 0
36 0
18 32
0 32
38 30
32 30
55 1
30 1
19 50
1 50
29 47
50 47
36 5
40 5
0 39
5 39
32 9
39 9
30 33
9 33
1 21
33 21
50 20
21 20
47 24
20 24
5 15
14 15
39 25
15 25
9 34
25 34
33 35
34 35
21 6
35 6
20 45
6 45
24 16
45 16
