88
157
55 67
67 4
4 85
85 1
1 63
63 80
80 8
55 66
66 70
70 24
24 42
42 75
75 81
81 7
7 62
62 61
61 33
66 10
67 10
70 60
10 60
24 82
60 82
42 28
82 28
75 68
28 68
81 53
68 53
7 44
53 44
62 46
44 46
61 9
46 9
33 65
9 65
10 21
4 21
60 15
21 15
82 41
15 41
28 30
41 30
68 11
30 11
53 14
11 14
44 79
14 79
46 78
79 78
9 20
78 20
65 48
20 48
21 72
85 72
15 50
72 50
41 71
50 71
30 57
71 57
11 69
57 69
14 86
69 86
79 35
86 35
78 45
35 45
20 22
45 22
48 83
22 83
72 37
1 37
50 51
37 51
71 31
51 31
57 26
31 26
69 52
26 52
86 40
52 40
35 43
40 43
45 23
43 23
22 2
23 2
83 0
2 0
37 6
63 6
51 54
6 54
31 34
54 34
26 13
34 13
52 47
13 47
40 29
47 29
43 77
29 77
23 36
77 36
2 59
36 59
0 18
59 18
6 27
80 27
54 74
27 74
34 56
74 56
13 76
56 76
47 19
76 19
29 84
19 84
77 39
84 39
36 32
39 32
59 73
32 73
18 38
73 38
27 87
8 87
74 25
87 25
56 49
25 49
76 5
49 5
19 64
5 64
84 16
64 16
39 17
16 17
32 3
17 3
73 12
3 12
38 58
12 58
