65
112
10 1
1 0
0 57
57 11
11 6
6 48
48 45
45 19
19 56
56 55
55 18
18 29
10 63
63 8
8 14
14 40
63 39
1 39
8 59
39 59
14 33
59 33
40 16
33 16
39 3
0 3
59 58
3 58
33 27
58 27
16 4
27 4
3 9
57 9
58 53
9 53
27 51
53 51
4 21
51 21
9 54
11 54
53 46
54 46
51 60
46 60
21 47
60 47
54 15
6 15
46 24
15 24
60 2
24 2
47 12
2 12
15 35
48 35
24 61
35 61
2 34
61 34
12 52
34 52
35 7
45 7
61 37
7 37
34 30
37 30
52 31
30 31
7 25
19 25
37 22
25 22
30 17
22 17
31 38
17 38
25 62
56 62
22 43
62 43
17 13
43 13
38 42
13 42
62 50
55 50
43 41
50 41
13 26
41 26
42 5
26 5
50 64
18 64
41 44
64 44
26 23
44 23
5 32
23 32
64 28
29 28
44 36
28 36
23 49
36 49
32 20
49 20
