55
94
3 26
26 4
4 44
44 27
27 39
39 13
13 53
53 40
40 41
41 22
3 36
36 17
17 33
33 23
36 5
26 5
17 10
5 10
33 35
10 35
23 20
35 20
5 15
4 15
10 18
15 18
35 52
18 52
20 37
52 37
15 6
44 6
18 32
6 32
52 47
32 47
37 16
47 16
6 2
27 2
32 42
2 42
47 50
42 50
16 12
50 12
2 31
39 31
42 34
31 34
50 54
34 54
12 28
54 28
31 48
13 48
34 1
48 1
54 14
1 14
28 49
14 49
48 43
53 43
1 24
43 24
14 9
24 9
49 29
9 29
43 38
40 38
24 7
38 7
9 21
7 21
29 0
21 0
38 25
41 25
7 19
25 19
21 46
19 46
0 11
46 11
25 8
22 8
19 30
8 30
46 51
30 51
11 45
51 45
