68
115
10 1
1 11
11 60
60 2
2 6
6 50
50 47
47 19
19 58
58 9
9 8
8 30
30 66
66 40
40 3
3 59
10 56
56 22
22 49
56 15
1 15
22 44
15 44
49 20
44 20
15 36
11 36
44 42
36 42
20 33
42 33
36 46
60 46
42 26
46 26
33 0
26 0
46 25
2 25
26 4
25 4
0 16
4 16
25 65
6 65
4 14
65 14
16 54
14 54
65 52
50 52
14 45
52 45
54 38
45 38
52 67
47 67
45 27
67 27
38 53
27 53
67 28
19 28
27 23
28 23
53 31
23 31
28 35
58 35
23 41
35 41
31 12
41 12
35 62
9 62
41 57
62 57
12 18
57 18
62 61
8 61
57 64
61 64
18 39
64 39
61 55
30 55
64 7
55 7
39 34
7 34
55 48
66 48
7 17
48 17
34 51
17 51
48 24
40 24
17 13
24 13
51 21
13 21
24 63
3 63
13 43
63 43
21 32
43 32
63 37
59 37
43 5
37 5
32 29
5 29
