96
172
65 46
46 3
3 57
57 59
59 85
85 50
50 48
65 76
76 63
63 42
42 89
89 45
45 29
29 14
14 39
39 18
18 66
66 69
76 92
46 92
63 47
92 47
42 81
47 81
89 31
81 31
45 40
31 40
29 94
40 94
14 79
94 79
39 16
79 16
18 58
16 58
66 49
58 49
69 30
49 30
92 38
3 38
47 90
38 90
81 62
90 62
31 7
62 7
40 83
7 83
94 23
83 23
79 35
23 35
16 73
35 73
58 28
73 28
49 52
28 52
30 70
52 70
38 9
57 9
90 5
9 5
62 82
5 82
7 68
82 68
83 6
68 6
23 71
6 71
35 51
71 51
73 72
51 72
28 54
72 54
52 8
54 8
70 24
8 24
9 77
59 77
5 36
77 36
82 95
36 95
68 34
95 34
6 26
34 26
71 74
26 74
51 10
74 10
72 17
10 17
54 13
17 13
8 0
13 0
24 53
0 53
77 67
85 67
36 11
67 11
95 87
11 87
34 84
87 84
26 55
84 55
74 60
55 60
10 37
60 37
17 12
37 12
13 44
12 44
0 25
44 25
53 93
25 93
67 21
50 21
11 80
21 80
87 27
80 27
84 61
27 61
55 78
61 78
60 4
78 4
37 19
4 19
12 56
19 56
44 41
56 41
25 20
41 20
93 88
20 88
21 15
48 15
80 33
15 33
27 22
33 22
61 91
22 91
78 86
91 86
4 32
86 32
19 64
32 64
56 2
64 2
41 75
2 75
20 43
75 43
88 1
43 1
