54
93
3 26
26 4
4 43
43 27
27 38
38 13
13 52
52 40
3 8
8 42
42 34
34 46
46 20
8 21
26 21
42 37
21 37
34 1
37 1
46 50
1 50
20 49
50 49
21 35
4 35
37 25
35 25
1 18
25 18
50 53
18 53
49 31
53 31
35 39
43 39
25 9
39 9
18 7
9 7
53 11
7 11
31 29
11 29
39 15
27 15
9 17
15 17
7 5
17 5
11 28
5 28
29 24
28 24
15 6
38 6
17 22
6 22
5 16
22 16
28 10
16 10
24 36
10 36
6 2
13 2
22 0
2 0
16 33
0 33
10 45
33 45
36 12
45 12
2 30
52 30
0 32
30 32
33 14
32 14
45 19
14 19
12 48
19 48
30 47
40 47
32 41
47 41
14 51
41 51
19 23
51 23
48 44
23 44
