64
112
29 27
27 50
50 36
36 41
41 55
55 35
35 63
29 6
6 58
58 62
62 11
11 51
51 24
24 38
6 37
27 37
58 4
37 4
62 26
4 26
11 0
26 0
51 53
0 53
24 49
53 49
38 60
49 60
37 23
50 23
4 25
23 25
26 39
25 39
0 54
39 54
53 47
54 47
49 15
47 15
60 22
15 22
23 59
36 59
25 3
59 3
39 56
3 56
54 40
56 40
47 18
40 18
15 21
18 21
22 2
21 2
59 42
41 42
3 1
42 1
56 52
1 52
40 61
52 61
18 32
61 32
21 9
32 9
2 19
9 19
42 33
55 33
1 28
33 28
52 8
28 8
61 12
8 12
32 13
12 13
9 16
13 16
19 10
16 10
33 14
35 14
28 5
14 5
8 20
5 20
12 44
20 44
13 17
44 17
16 48
17 48
10 46
48 46
14 7
63 7
5 45
7 45
20 31
45 31
44 30
31 30
17 43
30 43
48 34
43 34
46 57
34 57
