100
400
2 1
3 0
10 1
11 3
12 1
12 2
13 3
13 6
14 4
16 2
17 6
17 16
18 17
19 1
20 1
20 9
22 1
22 12
24 19
24 21
25 7
25 23
26 4
30 8
30 15
31 9
31 17
31 22
32 9
32 12
32 13
32 21
34 8
35 6
35 8
35 16
35 31
36 2
36 30
37 12
37 23
38 16
38 21
38 29
39 5
39 26
41 13
41 20
42 5
43 0
43 32
43 33
43 39
44 31
45 6
45 13
45 18
46 6
46 12
46 17
46 23
46 37
47 33
47 45
48 24
48 29
48 30
48 39
48 42
49 7
49 30
49 36
49 44
50 13
50 15
50 24
50 27
50 43
51 4
51 11
51 45
52 0
52 1
52 3
52 11
52 15
52 16
52 30
52 32
52 37
52 38
53 3
53 7
53 14
53 24
53 28
53 35
53 52
54 6
54 37
55 30
55 38
55 43
56 2
56 19
56 33
56 55
57 25
57 53
58 4
58 6
58 8
58 13
58 41
59 23
59 24
59 27
59 30
59 31
59 39
60 4
60 7
60 19
60 24
60 37
60 38
61 28
61 32
61 34
61 38
61 44
61 45
61 52
62 13
62 29
62 33
62 36
62 40
62 47
63 5
63 8
63 31
63 52
63 55
64 12
64 17
64 24
64 25
64 34
64 36
64 40
64 62
65 31
65 39
65 45
65 59
66 8
66 10
66 21
66 34
66 41
66 42
67 21
67 44
67 48
68 7
68 8
68 23
68 44
68 57
68 58
69 28
69 42
69 65
69 67
70 2
70 11
70 12
70 14
70 21
70 30
70 41
70 52
71 27
71 48
71 52
72 1
72 8
72 30
72 37
72 54
72 55
72 63
73 1
73 40
73 55
73 67
74 3
74 8
74 14
74 31
74 33
74 52
74 55
74 64
75 1
75 4
75 26
75 30
75 36
75 38
75 50
75 69
75 71
76 1
76 9
76 10
76 21
76 33
76 34
76 42
76 47
76 60
76 61
76 70
77 13
77 18
77 26
77 27
77 38
77 43
77 60
77 66
77 75
78 16
78 29
78 40
78 76
79 2
79 9
79 36
79 37
79 40
79 56
79 63
79 78
80 15
80 16
80 22
80 25
80 46
80 61
80 75
80 78
81 21
81 25
81 29
81 31
81 33
81 49
81 52
81 53
81 79
81 80
82 20
82 22
82 50
82 57
82 59
82 60
82 78
83 1
83 16
83 28
83 48
83 59
83 66
83 78
84 5
84 20
84 23
84 33
84 42
84 47
84 52
84 71
85 13
85 14
85 23
85 56
85 83
86 5
86 13
86 22
86 59
86 61
86 66
87 16
87 63
87 70
88 6
88 23
88 39
88 41
88 49
88 75
88 77
89 4
89 13
89 28
89 32
89 36
89 41
89 42
89 50
89 51
89 66
89 70
90 9
90 15
90 18
90 23
90 33
90 55
90 60
90 76
91 15
91 19
91 50
91 58
91 72
91 76
91 89
92 5
92 38
92 44
92 52
92 55
92 87
93 42
93 56
93 68
93 69
93 70
93 78
94 16
94 19
94 31
94 36
94 39
94 43
94 48
94 49
94 66
95 1
95 3
95 5
95 18
95 19
95 20
95 23
95 48
95 74
95 83
95 90
95 91
95 94
96 1
96 13
96 15
96 34
96 52
96 54
96 68
96 72
96 85
97 18
97 22
97 36
97 53
97 56
97 58
97 64
97 65
98 4
98 7
98 13
98 31
98 55
98 65
98 66
98 71
98 77
98 91
99 25
99 39
99 61
99 82
99 87
99 95
