90
630
3 1
3 2
4 1
7 1
8 6
10 6
10 7
10 9
11 1
12 2
12 6
13 0
13 2
14 0
15 4
15 13
15 14
16 0
16 11
16 12
17 7
17 12
18 7
18 8
18 16
18 17
19 1
19 3
19 7
19 14
19 15
19 16
20 2
20 13
20 17
20 19
21 11
22 1
22 17
23 7
23 13
23 17
24 1
24 4
24 5
24 6
24 9
24 10
24 18
24 21
24 23
25 1
25 5
25 11
25 19
26 2
26 7
26 12
26 14
26 25
27 17
27 18
27 25
28 6
28 16
28 17
28 24
29 5
29 9
29 13
30 26
30 29
31 3
31 10
31 18
31 26
31 29
32 12
32 16
32 21
32 28
32 30
32 31
33 0
33 6
33 11
33 22
33 24
33 29
34 27
35 0
35 11
35 18
35 19
35 25
35 27
35 34
36 11
36 12
36 17
36 23
36 25
36 27
36 28
37 10
37 15
37 20
37 30
37 35
38 9
38 24
38 29
38 34
39 1
39 5
39 10
39 11
39 20
39 21
39 34
39 37
40 15
40 16
41 7
41 8
41 9
41 14
41 15
41 16
41 17
42 1
42 9
42 36
42 37
43 5
43 8
43 22
43 23
43 30
43 38
43 40
44 11
44 12
44 26
44 29
44 32
44 38
44 40
45 5
45 15
45 18
45 27
45 28
45 39
45 44
46 1
46 9
46 21
46 29
46 36
46 39
47 3
47 9
47 11
47 19
47 21
47 27
47 34
47 40
47 44
48 0
48 7
48 14
48 15
48 17
48 20
48 25
48 29
48 38
49 8
49 12
49 16
49 18
49 24
49 25
49 28
49 38
49 46
50 7
50 8
50 10
50 15
50 24
50 32
50 34
50 43
50 47
51 8
51 12
51 16
51 17
51 23
51 25
51 30
51 40
52 4
52 10
52 17
52 26
52 44
52 46
52 51
53 0
53 3
53 8
53 23
53 26
53 31
53 33
53 34
53 35
53 38
53 39
53 41
54 0
54 4
54 24
54 31
54 40
54 49
55 1
55 5
55 12
55 13
55 14
55 23
55 27
55 36
55 40
55 54
56 12
56 13
56 16
56 19
56 21
56 24
56 28
56 33
56 36
56 47
56 50
56 53
57 8
57 34
57 39
57 42
57 43
57 52
58 10
58 16
58 22
58 27
58 49
59 3
59 8
59 50
59 52
59 53
59 56
60 7
60 8
60 16
60 28
60 56
60 58
61 13
61 15
61 16
61 18
61 19
61 37
61 41
61 42
61 48
61 51
61 56
62 0
62 8
62 21
62 29
62 34
62 37
62 41
62 48
62 50
63 0
63 6
63 14
63 18
63 29
63 30
63 31
63 32
63 46
63 47
63 48
63 50
63 55
64 1
64 2
64 10
64 12
64 14
64 28
64 29
64 31
64 52
64 57
64 62
65 6
65 12
65 13
65 17
65 25
65 30
65 31
65 42
65 46
65 50
66 0
66 3
66 5
66 13
66 21
66 28
66 37
66 42
66 43
66 45
66 53
67 6
67 8
67 19
67 23
67 25
67 27
67 29
67 31
67 37
67 40
67 41
67 49
67 56
68 2
68 53
68 64
68 66
69 10
69 22
69 24
69 26
69 29
69 32
69 38
69 44
69 47
69 50
69 53
69 68
70 2
70 3
70 19
70 21
70 30
70 31
70 36
70 37
70 41
70 43
70 45
70 51
70 62
70 64
71 5
71 15
71 31
71 37
71 38
71 48
71 67
71 68
72 1
72 12
72 13
72 14
72 20
72 26
72 31
72 43
72 45
72 52
72 56
72 58
72 67
73 4
73 7
73 22
73 23
73 26
73 28
73 37
73 41
73 61
74 11
74 33
74 40
74 45
74 53
74 59
74 66
74 73
75 14
75 16
75 27
75 31
75 35
75 40
75 54
75 56
75 59
75 66
75 68
76 4
76 7
76 27
76 31
76 34
76 35
76 36
76 37
76 39
76 40
76 55
76 60
76 62
76 68
77 0
77 14
77 15
77 17
77 19
77 31
77 33
77 35
77 46
77 48
77 71
77 72
77 75
77 76
78 6
78 11
78 14
78 21
78 27
78 31
78 33
78 45
78 63
79 0
79 21
79 25
79 26
79 29
79 30
79 33
79 47
79 54
79 55
79 56
79 71
79 74
79 75
80 16
80 24
80 26
80 35
80 43
80 50
80 57
80 62
80 68
80 71
80 74
80 77
81 13
81 20
81 31
81 45
81 53
81 58
81 73
82 2
82 6
82 7
82 13
82 21
82 23
82 37
82 42
82 45
82 61
82 63
82 64
82 68
82 70
82 71
82 74
82 76
83 1
83 2
83 13
83 18
83 19
83 21
83 32
83 39
83 44
83 45
83 48
83 61
83 74
84 0
84 6
84 15
84 16
84 22
84 35
84 46
84 48
84 51
84 59
84 64
84 69
84 72
84 73
84 75
84 76
84 78
84 80
85 8
85 13
85 20
85 22
85 27
85 34
85 36
85 39
85 45
85 47
85 49
85 51
85 54
85 59
85 64
85 65
85 67
85 78
85 83
86 9
86 11
86 12
86 19
86 27
86 29
86 30
86 35
86 40
86 48
86 51
86 52
86 55
86 56
86 73
86 74
86 77
86 80
86 81
87 3
87 9
87 22
87 24
87 40
87 41
87 45
87 46
87 61
87 65
87 68
87 70
87 72
87 78
87 81
88 16
88 23
88 30
88 41
88 47
88 54
88 56
88 58
88 66
88 75
88 76
88 81
89 5
89 11
89 29
89 35
89 38
89 41
89 44
89 45
89 51
89 52
89 56
89 66
89 79
89 80
89 87
