90
450
5 2
5 4
6 1
6 4
9 8
10 6
12 5
13 9
13 11
14 4
14 7
15 13
16 4
17 5
17 8
17 14
17 15
18 9
18 14
18 15
19 18
20 15
20 19
21 12
21 17
22 10
22 17
23 2
23 9
23 13
23 16
24 0
24 4
24 7
24 12
24 13
25 1
25 14
25 17
25 24
26 1
27 12
27 19
28 3
28 4
28 20
28 26
29 9
29 18
29 20
29 28
30 2
31 4
31 17
31 27
32 6
32 13
32 15
32 16
32 26
32 29
33 2
33 10
33 17
33 24
33 30
34 3
34 6
34 8
34 18
34 32
35 20
35 21
35 23
35 26
35 29
36 21
36 27
36 31
37 4
37 6
37 10
37 12
37 16
37 17
37 23
37 28
38 17
38 18
38 26
39 3
39 6
39 13
39 35
40 2
40 13
40 15
40 27
40 36
40 37
40 38
41 5
41 11
41 16
41 17
41 18
41 20
41 27
42 12
42 38
43 6
43 20
43 21
44 26
44 27
44 28
44 40
45 18
45 33
46 12
46 19
46 26
46 41
47 7
47 9
47 16
47 21
47 29
47 35
47 39
48 0
48 27
48 31
48 34
48 36
48 38
49 5
49 9
49 11
49 23
49 27
49 28
49 43
49 46
49 47
50 2
50 6
50 9
50 16
50 40
51 1
51 15
51 25
51 34
52 18
52 27
52 41
52 46
53 20
53 29
53 34
54 3
54 22
54 23
54 31
54 44
54 45
55 14
55 20
55 27
55 35
55 45
56 22
56 29
56 30
56 40
56 41
56 54
57 20
57 26
57 32
58 7
58 11
58 22
58 28
58 42
58 44
58 51
58 52
58 54
59 11
59 18
59 20
59 21
59 26
59 29
59 48
60 2
60 9
60 14
60 22
60 25
60 31
60 33
60 41
60 53
60 56
60 59
61 2
61 12
61 21
61 27
61 38
61 46
62 12
62 22
62 35
62 41
62 55
62 60
63 4
63 9
63 16
63 24
63 40
63 53
63 61
64 11
64 15
64 20
64 45
64 56
64 59
65 16
65 20
65 21
65 24
65 29
65 31
65 40
65 41
65 59
66 2
66 17
66 27
66 29
66 30
66 41
66 45
66 47
67 9
68 2
68 6
68 9
68 18
68 27
68 46
68 49
68 51
68 59
68 61
69 0
69 34
69 36
69 43
69 50
69 59
69 61
69 63
70 12
70 34
70 37
70 43
70 46
70 47
70 51
70 52
70 64
70 66
71 4
71 8
71 18
71 37
71 45
71 65
72 11
72 19
72 36
72 37
72 38
72 41
72 49
72 58
72 61
73 2
73 9
73 14
73 36
73 39
73 42
73 48
73 52
73 60
73 67
73 72
74 0
74 1
74 5
74 8
74 12
74 15
74 22
74 38
74 48
74 53
75 2
75 7
75 11
75 18
75 27
75 31
75 49
75 52
75 57
75 58
75 62
76 7
76 51
76 55
76 57
76 60
76 61
76 69
77 0
77 11
77 21
77 22
77 40
77 51
77 63
77 76
78 7
78 12
78 30
78 34
78 41
78 43
78 47
78 62
79 6
79 13
79 15
79 21
79 22
79 45
79 55
79 61
80 1
80 2
80 3
80 15
80 29
80 33
80 46
80 47
80 60
80 72
80 79
81 7
81 9
81 25
81 34
81 46
81 63
81 65
82 19
82 35
82 51
82 52
82 61
82 77
83 7
83 28
83 31
83 42
83 45
83 49
83 68
83 73
83 74
83 76
84 5
84 24
84 30
84 31
84 33
84 42
84 72
84 74
84 77
84 79
84 82
85 0
85 24
85 25
85 27
85 29
85 39
85 65
85 66
85 74
86 1
86 2
86 5
86 12
86 17
86 18
86 22
86 28
86 34
86 35
86 61
86 64
86 78
86 82
87 3
87 28
87 34
87 53
87 64
87 65
88 0
88 5
88 12
88 17
88 55
88 63
88 74
88 87
89 7
89 17
89 35
89 41
89 46
89 50
89 52
89 64
89 74
89 82
89 87
