50
125
10 2
10 3
11 3
13 0
13 5
14 6
14 13
15 7
15 8
16 7
16 9
16 13
17 8
17 12
18 12
18 13
19 3
20 10
21 6
21 8
21 12
21 13
21 19
22 6
23 15
24 10
24 15
25 0
25 16
25 23
26 0
26 11
27 1
27 7
27 14
27 15
27 25
28 27
29 3
29 10
29 16
30 7
30 12
30 23
31 8
31 20
32 2
32 14
32 20
32 22
33 0
33 4
33 16
33 25
34 8
34 13
34 14
34 18
34 25
34 26
35 4
35 18
35 25
35 26
35 29
35 30
36 25
36 29
37 35
38 7
38 10
38 35
39 1
39 4
39 7
39 30
39 35
39 36
40 29
40 31
41 12
41 24
41 32
41 36
41 40
42 0
42 2
42 3
42 15
42 30
43 17
43 19
43 21
43 27
44 2
44 3
44 16
44 35
45 6
45 17
45 29
45 30
45 36
45 42
45 43
46 10
46 13
46 15
46 20
47 3
47 15
47 21
47 34
47 35
47 45
48 6
48 9
48 36
49 0
49 18
49 29
49 36
49 38
49 43
49 46
