70
350
3 1
4 0
5 3
7 2
7 6
8 3
9 7
9 8
10 4
10 9
11 0
11 2
12 4
13 1
14 4
14 6
14 7
14 8
14 12
14 13
15 1
16 8
16 15
17 14
18 0
18 12
19 3
19 7
19 14
22 7
22 9
22 10
22 11
23 0
23 2
23 3
23 5
23 14
23 15
24 9
24 13
25 14
25 24
26 4
26 13
26 15
26 17
26 20
27 5
27 8
27 10
27 22
28 5
28 12
28 15
28 17
29 4
29 7
29 8
29 23
30 0
30 18
31 1
31 5
31 6
31 22
31 25
32 4
32 12
32 14
32 24
32 28
32 29
33 0
33 1
33 6
33 9
33 21
33 22
34 6
34 8
34 9
34 13
34 14
34 16
34 17
34 31
35 2
35 3
35 4
35 6
35 15
35 20
35 23
35 26
35 33
36 7
36 20
36 27
36 35
37 9
37 16
37 29
38 10
38 15
38 23
38 25
38 28
39 0
39 7
39 16
39 17
39 32
39 36
39 37
40 1
40 10
40 23
40 38
41 1
41 18
41 19
41 32
41 35
41 37
41 40
42 25
42 29
42 39
43 3
43 7
43 11
43 13
43 16
43 19
43 25
43 26
43 29
43 30
43 31
43 39
44 6
44 8
44 15
44 33
44 38
45 12
45 14
45 21
45 25
45 26
45 32
46 3
46 18
46 20
46 30
46 31
46 33
46 36
46 37
46 44
47 13
47 27
47 44
48 12
48 34
49 4
49 11
49 12
49 18
49 48
50 8
50 11
50 17
50 20
50 21
50 34
50 42
50 47
50 48
51 8
51 10
51 11
51 12
51 18
51 30
51 34
51 39
51 41
51 47
51 48
51 49
52 7
52 13
52 15
52 31
52 37
52 39
52 48
53 3
53 7
53 8
53 27
53 33
53 42
54 0
54 5
54 31
54 41
54 46
54 51
55 11
55 23
55 36
55 38
55 52
56 8
56 11
56 51
57 3
57 5
57 14
57 15
57 31
57 32
57 40
57 48
57 56
58 0
58 10
58 11
58 18
58 19
58 27
58 31
58 33
58 34
58 37
58 42
58 46
58 48
58 55
58 56
59 3
59 4
59 13
59 16
59 40
59 48
60 9
60 25
60 27
60 34
60 35
60 36
60 39
60 40
60 48
60 51
60 53
60 58
61 7
61 16
61 26
61 29
61 42
61 48
61 56
61 60
62 0
62 1
62 3
62 11
62 13
62 14
62 19
62 22
62 27
62 28
62 33
62 47
62 48
62 52
62 58
62 61
63 6
63 13
63 24
63 27
63 49
63 51
64 18
64 23
64 25
64 39
64 50
64 62
65 4
65 5
65 13
65 20
65 27
65 36
65 46
65 53
65 57
65 62
66 3
66 20
66 27
66 28
66 29
66 31
66 36
66 46
66 55
66 56
66 57
67 3
67 4
67 15
67 16
67 18
67 21
67 27
67 34
67 38
67 46
67 47
67 60
67 66
68 2
68 7
68 11
68 15
68 19
68 28
68 38
68 39
68 48
68 49
68 52
68 57
68 58
69 8
69 15
69 27
69 38
69 44
69 48
