55
275
1 0
2 0
2 1
3 0
4 0
4 1
4 2
4 3
6 0
6 4
8 4
8 5
8 7
9 3
9 6
10 0
10 2
10 9
11 4
12 2
12 4
12 9
12 10
13 4
13 5
13 6
13 12
14 3
14 8
15 6
15 7
16 0
16 3
17 7
17 16
18 9
18 10
18 17
19 8
19 9
19 12
20 4
20 7
20 11
21 5
21 14
22 4
22 6
22 7
22 18
22 21
23 1
23 9
23 16
24 12
24 13
24 16
25 6
25 9
25 12
25 14
26 4
26 9
26 16
26 21
26 22
27 1
27 5
27 8
27 9
27 14
27 15
27 25
27 26
28 3
28 15
28 16
28 22
29 3
29 9
29 12
29 21
30 16
30 19
30 21
31 1
31 14
31 16
31 27
31 29
32 2
32 8
32 11
32 14
32 15
32 19
32 24
32 25
32 28
33 6
33 11
33 24
33 25
33 29
33 30
34 11
34 13
34 21
34 24
34 25
34 26
34 27
34 30
35 2
35 3
35 6
35 8
35 14
35 20
35 22
35 27
35 32
36 12
36 14
36 15
36 17
36 21
36 24
36 35
37 1
37 3
37 5
37 15
37 19
37 20
37 27
37 35
38 16
38 17
38 18
38 22
38 24
39 3
39 4
39 6
39 11
39 23
39 24
40 3
40 5
40 14
40 15
40 24
40 39
41 3
41 5
41 12
41 15
41 16
41 17
41 18
41 21
41 22
41 26
41 37
42 2
42 17
42 18
42 24
42 26
42 27
42 31
42 36
42 39
43 3
43 15
43 24
43 28
43 36
43 42
44 0
44 5
44 10
44 18
44 20
44 21
44 23
44 28
44 34
44 36
44 40
44 42
45 3
45 11
45 13
45 21
45 25
45 30
45 39
45 40
46 5
46 11
46 15
46 19
46 22
46 23
46 25
46 30
47 13
47 17
47 29
47 33
47 34
47 37
47 45
48 5
48 14
48 16
48 17
48 26
48 39
48 47
49 5
49 8
49 13
49 14
49 26
49 31
49 35
49 39
49 43
50 0
50 8
50 11
50 28
50 32
51 9
51 12
51 17
51 19
51 23
51 27
52 8
52 9
52 11
52 16
52 18
52 23
52 27
52 29
52 32
52 34
52 36
52 37
52 38
52 39
52 48
52 50
53 6
53 9
53 10
53 15
53 20
53 31
53 42
53 50
53 52
54 8
54 12
54 16
54 22
54 26
54 27
54 40
54 49
