85
425
4 2
5 0
6 0
7 1
7 4
8 5
8 6
9 5
10 2
10 3
10 9
11 0
12 0
12 7
13 3
13 5
15 5
16 2
16 3
16 6
16 7
16 15
17 8
17 10
17 15
18 1
18 7
18 11
18 13
19 5
20 5
20 7
21 2
21 4
21 7
22 1
22 4
22 7
22 13
22 21
23 19
25 2
25 12
25 17
25 19
25 22
26 1
26 14
26 17
26 21
26 22
27 7
27 8
28 0
28 6
30 0
31 1
31 6
31 7
31 14
31 18
31 19
31 26
31 28
31 29
32 1
32 3
32 27
32 29
32 31
33 11
33 14
34 18
34 26
35 13
35 21
35 24
35 34
36 5
36 19
36 29
37 11
37 20
37 29
38 5
38 7
38 8
38 19
38 30
38 36
38 37
39 7
39 16
39 23
39 26
39 27
39 31
39 36
40 1
40 7
40 9
40 15
40 27
40 30
40 33
41 7
41 11
41 27
41 29
41 39
42 11
42 19
42 29
42 31
42 34
43 1
43 2
43 3
43 7
43 13
43 26
44 11
44 12
44 16
44 21
44 23
44 32
44 34
44 43
45 1
45 3
45 6
45 13
45 25
45 28
46 1
46 5
46 8
46 25
46 29
46 36
46 38
46 43
47 3
47 12
47 20
47 34
47 38
48 20
48 22
48 24
48 26
48 29
48 34
49 6
49 7
49 10
49 12
49 28
49 42
49 46
50 7
50 9
50 12
50 19
50 24
50 37
50 40
51 0
51 17
51 28
51 49
51 50
52 23
52 46
53 16
53 20
53 28
53 35
54 1
54 15
54 22
54 31
55 0
55 14
55 18
55 19
55 21
55 27
55 36
55 40
55 42
55 44
56 7
56 8
56 31
56 39
56 50
56 55
57 5
57 15
57 18
57 35
57 42
57 43
58 2
58 3
58 8
58 15
58 27
58 30
58 34
58 51
58 53
59 11
59 19
59 29
59 33
59 37
60 2
60 3
60 4
60 22
60 43
61 13
61 29
61 31
61 32
61 47
61 60
62 7
62 14
62 20
62 34
62 38
62 50
62 51
63 8
63 16
63 45
63 54
64 8
64 9
64 10
64 19
64 29
64 35
64 45
64 58
65 3
65 32
65 46
65 47
65 50
65 58
66 1
66 2
66 18
66 20
66 29
66 44
66 45
66 51
66 57
66 58
66 59
67 0
67 11
67 12
67 21
67 35
67 44
67 49
67 62
68 0
68 10
68 12
68 21
68 22
68 32
68 34
68 48
68 54
68 66
69 0
69 13
69 27
69 33
69 41
69 49
69 56
69 62
70 10
70 19
70 20
70 22
70 23
70 29
70 33
70 58
70 62
71 37
71 39
71 52
71 58
71 59
71 68
72 1
72 8
72 18
72 19
72 32
72 58
72 65
72 70
72 71
73 2
73 6
73 24
73 25
73 48
74 3
74 7
74 11
74 13
74 45
75 6
75 13
75 20
75 32
75 46
75 56
75 58
76 4
76 8
76 9
76 12
76 14
76 21
76 26
76 31
76 36
76 50
76 54
76 62
76 63
76 65
76 67
76 68
76 75
77 34
77 35
77 40
77 49
78 0
78 16
78 20
78 43
78 45
78 48
78 65
79 0
79 18
79 32
79 45
79 54
79 64
79 69
79 72
80 3
80 6
80 7
80 14
80 21
80 38
80 42
80 43
80 46
80 49
80 76
80 78
81 3
81 18
81 42
81 47
81 50
82 1
82 5
82 7
82 10
82 11
82 41
82 42
82 58
82 60
82 66
82 71
82 73
82 78
83 4
83 6
83 7
83 16
83 17
83 22
83 28
83 31
83 36
83 39
83 58
83 59
83 62
83 74
84 0
84 8
84 21
84 36
84 44
84 50
84 57
84 60
84 67
84 69
84 75
84 82
