75
200
3 1
6 0
6 5
8 5
10 1
14 6
15 4
16 5
16 9
18 0
18 5
18 10
21 10
22 10
23 1
23 7
23 18
24 20
25 6
25 10
25 11
26 2
26 12
28 3
28 6
28 12
28 13
30 4
30 28
31 3
31 13
32 2
32 4
32 28
32 31
33 2
33 6
33 15
34 9
35 28
35 33
37 0
37 15
37 28
38 1
38 12
38 16
39 28
39 35
40 3
40 33
41 4
41 6
41 11
41 18
41 19
41 26
41 37
42 6
43 4
43 20
43 34
44 8
44 15
44 16
44 40
44 43
45 0
45 4
45 8
46 0
46 5
46 34
47 0
47 35
47 37
47 40
48 4
48 38
49 7
49 16
49 27
49 47
50 17
50 36
51 39
52 7
52 26
52 43
52 45
53 0
54 17
54 29
54 35
54 53
55 5
55 29
55 35
55 41
55 43
55 48
55 53
56 17
56 22
56 26
56 27
56 37
56 53
57 4
57 12
57 19
57 26
57 47
58 32
58 36
58 44
59 37
59 54
60 0
60 18
60 44
60 49
60 50
61 4
61 24
61 26
61 28
61 58
62 8
62 40
62 41
62 51
62 60
63 6
63 12
63 36
63 60
63 61
64 7
64 15
64 22
64 27
64 43
64 52
64 53
64 54
65 0
65 9
65 11
65 12
65 24
65 27
65 29
65 36
65 46
65 48
65 51
65 55
66 8
66 54
66 61
67 22
67 34
67 39
67 48
68 16
68 34
68 37
69 27
69 30
69 38
70 58
70 65
71 14
71 23
71 34
71 39
71 40
71 43
71 46
71 59
71 69
72 2
72 5
72 14
72 24
72 43
72 47
72 49
72 58
72 69
73 6
73 14
73 22
73 29
73 61
74 17
74 24
74 28
74 49
