50
100
3 1
4 3
6 0
10 2
11 0
14 2
14 11
14 13
15 8
16 2
16 9
17 10
17 11
18 12
19 8
20 12
20 14
21 8
21 19
22 1
22 12
22 14
22 15
23 14
23 16
23 20
24 6
26 22
26 23
28 27
29 4
29 7
29 28
31 1
31 10
32 10
32 17
32 19
33 27
34 3
34 5
34 9
34 12
34 23
34 24
35 3
35 7
35 29
35 32
35 34
36 6
36 19
36 34
37 20
38 3
38 7
38 15
38 17
38 20
38 27
39 24
39 32
40 12
40 21
40 28
40 32
41 12
41 25
41 34
42 12
42 24
42 40
43 5
43 34
44 15
44 16
44 30
45 2
45 5
45 14
45 16
45 17
45 23
45 26
45 30
45 32
45 34
45 44
46 5
46 32
46 40
47 0
47 32
47 41
48 15
48 30
48 34
48 37
49 2
49 45
