35
140
1 0
2 1
4 2
6 0
6 1
7 1
7 2
7 3
7 5
8 0
9 1
9 5
10 0
10 1
10 2
11 2
11 3
11 4
11 9
12 3
12 6
12 7
13 2
13 5
14 3
14 9
14 11
15 3
15 5
15 6
16 0
16 2
16 5
16 7
16 9
16 11
17 7
17 12
18 0
18 2
18 7
18 10
18 17
19 2
19 4
19 5
19 12
20 1
20 6
20 7
20 17
21 1
21 2
21 5
21 6
21 13
21 19
22 4
22 6
22 8
22 11
23 0
23 3
23 4
23 11
23 17
23 19
24 2
24 6
24 8
24 15
24 21
25 2
25 5
25 13
25 15
25 16
25 17
25 24
26 1
26 3
26 7
26 11
27 5
27 9
27 10
27 14
27 17
27 18
27 21
27 23
28 0
28 2
28 7
28 25
29 5
29 8
29 9
29 14
29 20
29 21
30 15
30 16
30 20
30 25
31 3
31 5
31 7
31 9
31 10
31 11
31 16
31 21
31 26
32 8
32 10
32 15
32 18
32 19
32 25
32 30
33 2
33 5
33 6
33 14
33 17
33 22
33 23
33 25
33 27
33 28
33 30
34 0
34 1
34 2
34 3
34 8
34 23
34 29
34 32
