40
160
3 2
4 0
5 4
6 4
7 6
8 0
9 1
9 2
9 5
10 0
10 3
10 4
10 9
11 0
11 1
11 2
12 3
13 8
13 10
14 3
14 4
15 5
15 6
15 13
15 14
16 6
16 7
16 11
16 14
17 2
17 9
18 6
18 7
19 1
19 4
19 6
19 13
20 1
20 3
20 7
20 10
20 13
20 18
21 0
21 1
21 3
21 4
21 7
21 18
21 20
22 16
22 18
22 20
22 21
23 2
23 4
23 5
23 6
23 13
23 22
24 6
24 13
24 14
24 18
25 11
25 12
25 17
25 22
26 2
26 3
26 4
26 7
26 10
26 12
26 25
27 5
27 11
27 13
27 18
27 21
27 22
27 24
28 0
28 3
28 21
28 23
28 24
28 27
29 0
29 9
29 14
29 20
29 24
29 25
29 26
30 0
30 4
30 7
30 12
30 14
30 20
31 10
31 12
31 17
31 30
32 4
32 5
32 7
32 13
32 16
32 17
32 22
32 27
33 8
33 16
33 21
33 24
34 24
35 0
35 4
35 6
35 13
35 21
35 24
35 26
35 27
35 28
35 29
35 30
35 31
36 0
36 9
36 14
36 16
36 21
36 22
36 31
36 35
37 4
37 10
37 15
37 17
37 29
37 36
38 0
38 5
38 9
38 14
38 19
38 30
38 37
39 7
39 8
39 9
39 10
39 25
39 26
39 27
39 34
39 38
