80
560
1 0
4 0
4 3
5 1
6 0
6 2
6 5
7 0
7 4
7 5
8 0
9 2
9 7
10 8
10 9
11 5
11 6
12 3
12 11
13 3
14 2
14 8
14 9
15 3
15 5
15 13
16 7
16 15
17 7
17 14
18 0
18 1
18 7
18 17
19 0
19 4
19 12
19 15
19 16
20 16
21 1
21 2
21 7
21 11
22 6
22 7
22 8
22 11
22 17
22 21
23 4
23 10
23 12
23 16
23 18
23 19
24 0
24 5
24 18
25 2
25 14
26 17
26 23
26 25
27 5
27 6
27 20
27 22
27 24
28 22
28 25
29 0
29 2
29 5
29 14
30 1
30 3
30 6
30 13
30 16
30 19
31 2
31 5
31 9
31 10
31 12
31 15
31 25
31 27
32 0
32 8
32 13
32 23
32 25
32 27
33 2
33 7
33 17
33 20
33 27
33 30
34 7
34 11
34 20
34 22
34 28
34 29
35 0
35 1
35 2
35 14
35 22
35 33
36 2
36 5
36 7
36 8
36 14
36 19
36 22
36 24
36 26
36 31
36 33
37 14
37 19
37 24
37 32
38 7
38 9
38 10
38 20
38 21
38 26
38 32
39 11
39 13
39 23
39 28
39 30
39 37
40 3
40 10
40 13
40 14
40 21
40 33
40 37
41 3
41 13
41 14
41 23
41 24
41 33
41 34
41 37
42 10
42 18
42 19
42 20
42 24
42 25
42 26
43 10
43 15
43 16
43 27
43 30
43 31
43 36
44 5
44 11
44 18
44 20
44 28
44 31
44 32
44 38
44 39
44 41
44 42
45 3
45 7
45 9
45 14
45 17
45 21
45 24
45 35
45 39
46 6
46 8
46 11
46 15
46 23
46 30
46 36
46 45
47 17
47 33
48 6
48 14
48 17
48 18
48 32
48 33
48 40
48 43
48 45
49 2
49 3
49 7
49 12
49 14
49 36
49 38
49 41
49 48
50 3
50 7
50 9
50 33
51 3
51 7
51 11
51 16
51 19
51 25
51 40
51 47
52 0
52 6
52 20
52 24
52 28
52 32
52 35
52 37
52 38
52 41
53 0
53 5
53 7
53 9
53 12
53 19
53 20
53 21
53 26
53 27
53 32
53 42
54 7
54 11
54 13
54 18
54 19
54 25
54 31
54 34
54 35
54 39
54 50
55 0
55 4
55 6
55 8
55 10
55 11
55 18
55 28
55 31
55 33
55 37
55 39
55 41
55 42
55 52
56 2
56 10
56 11
56 20
56 22
56 30
56 35
56 42
57 9
57 10
57 11
57 14
57 19
57 21
57 22
57 28
57 32
57 34
57 37
57 39
57 42
57 55
58 1
58 3
58 32
58 35
58 53
58 56
59 1
59 4
59 9
59 19
59 21
59 23
59 27
59 40
59 44
59 52
60 2
60 12
60 15
60 19
60 31
60 38
60 44
60 45
61 3
61 9
61 15
61 17
61 35
61 41
62 5
62 9
62 14
62 21
62 30
62 36
62 37
62 42
62 46
62 49
62 50
62 61
63 3
63 6
63 15
63 19
63 24
63 37
63 39
63 44
63 50
63 52
63 60
64 2
64 5
64 13
64 16
64 18
64 25
64 28
64 32
64 39
64 60
64 63
65 0
65 4
65 6
65 14
65 21
65 30
65 39
65 42
65 45
65 48
65 60
65 61
66 11
66 16
66 18
66 19
66 27
66 28
66 30
66 38
66 40
66 45
66 51
67 11
67 14
67 19
67 22
67 23
67 26
67 29
67 30
67 33
67 43
67 54
67 57
67 61
67 65
68 10
68 19
68 26
68 34
68 38
68 39
68 50
68 51
68 53
68 55
68 56
68 64
68 66
69 7
69 24
69 32
69 34
69 39
69 40
69 42
69 43
69 44
69 47
70 15
70 17
70 21
70 23
70 27
70 28
70 30
70 32
70 42
70 51
70 60
70 68
71 2
71 9
71 15
71 24
71 26
71 35
71 41
71 56
71 57
71 59
71 61
71 62
71 64
71 68
72 3
72 5
72 9
72 13
72 15
72 19
72 30
72 33
72 35
72 37
72 38
72 59
72 65
72 66
72 68
73 2
73 3
73 12
73 23
73 31
73 34
73 35
73 40
73 43
73 46
73 66
73 69
74 1
74 3
74 8
74 33
74 34
74 42
74 46
74 49
74 50
74 51
74 68
74 70
74 72
75 0
75 10
75 23
75 29
75 31
75 33
75 37
75 41
75 43
75 44
75 49
75 72
76 5
76 6
76 22
76 25
76 26
76 28
76 33
76 47
76 48
76 55
76 56
76 65
76 68
77 1
77 6
77 12
77 14
77 17
77 21
77 24
77 40
77 47
77 48
77 54
77 61
77 76
78 0
78 2
78 3
78 4
78 9
78 15
78 16
78 18
78 24
78 27
78 35
78 38
78 46
78 47
78 49
78 50
78 66
78 76
79 3
79 11
79 25
79 27
79 29
79 32
79 40
79 47
79 52
79 59
79 69
79 72
79 74
79 76
