90
765
7 5
7 6
8 7
9 2
9 6
10 6
10 7
11 0
11 3
11 4
11 5
12 5
12 10
13 5
13 12
14 1
14 4
14 9
15 0
15 1
15 2
15 3
15 5
15 7
15 10
16 10
16 13
17 8
17 11
17 16
18 5
18 10
18 16
18 17
19 13
19 15
19 18
20 2
20 8
20 12
20 15
21 3
21 4
21 13
22 0
22 5
22 11
22 12
23 0
23 7
23 13
24 3
24 11
25 1
25 2
25 4
25 5
25 9
25 16
25 20
26 7
26 8
26 18
26 20
26 23
27 17
27 25
28 1
28 4
28 7
28 8
28 10
28 15
28 22
28 27
29 4
29 6
29 8
29 9
29 11
29 22
29 26
30 2
30 4
30 10
30 11
30 18
30 22
30 23
30 27
30 28
31 5
31 10
31 16
31 22
31 23
32 1
32 2
32 3
32 6
32 7
32 14
32 16
33 7
33 10
33 11
33 13
33 20
34 2
34 6
34 10
34 11
34 18
34 19
34 27
34 28
34 29
34 32
35 2
35 4
35 17
35 19
35 22
35 31
35 33
36 2
36 4
36 5
36 9
36 10
36 17
36 18
36 22
36 24
36 30
36 31
37 6
37 9
37 10
37 22
37 23
37 28
37 32
37 35
38 3
38 7
38 13
38 15
38 18
38 19
38 22
39 6
39 13
39 16
39 19
39 28
39 29
39 37
40 1
40 5
40 8
40 10
40 14
40 16
40 17
40 19
40 23
40 28
40 30
40 31
41 10
41 28
41 33
41 39
42 4
42 9
42 13
42 14
42 18
42 26
42 27
42 31
42 39
42 40
43 3
43 9
43 11
43 19
43 22
43 28
43 38
44 4
44 5
44 8
44 26
44 30
44 34
45 0
45 4
45 5
45 7
45 10
45 20
45 22
45 29
45 31
45 38
45 41
46 0
46 1
46 8
46 9
46 10
46 21
46 24
46 25
46 30
46 33
46 37
46 41
47 3
47 4
47 7
47 8
47 25
47 30
47 31
47 34
47 40
48 1
48 4
48 6
48 7
48 9
48 21
48 23
48 28
48 32
48 33
48 41
49 1
49 11
49 12
49 15
49 25
49 26
49 33
49 36
49 37
49 41
50 3
50 8
50 9
50 18
50 19
50 25
50 29
50 32
50 36
50 42
50 43
50 45
50 46
51 0
51 8
51 18
51 21
51 23
51 26
51 28
51 33
51 38
51 40
52 0
52 1
52 4
52 13
52 21
52 25
52 27
52 42
52 43
52 44
52 46
52 47
53 4
53 10
53 14
53 16
53 23
53 29
53 32
53 33
53 36
53 50
53 51
53 52
54 1
54 2
54 7
54 9
54 16
54 19
54 23
54 28
54 37
54 44
54 46
54 48
54 51
55 3
55 8
55 10
55 11
55 23
55 41
55 44
55 51
55 54
56 7
56 12
56 20
56 24
56 33
56 37
56 38
56 53
57 2
57 17
57 25
57 29
57 35
57 37
57 40
57 43
57 51
57 55
57 56
58 9
58 11
58 17
58 28
58 35
58 43
58 44
58 46
58 55
59 1
59 14
59 22
59 28
59 32
59 38
59 52
60 5
60 28
60 32
60 41
60 46
60 47
60 48
60 56
61 12
61 18
61 19
61 26
61 27
61 33
61 40
61 44
61 48
61 49
61 53
61 54
62 12
62 15
62 19
62 20
62 22
62 24
62 30
62 37
62 42
62 55
62 61
63 0
63 4
63 5
63 9
63 13
63 21
63 23
63 27
63 28
63 29
63 31
63 36
63 37
63 45
63 51
63 52
63 54
63 56
63 58
63 62
64 2
64 11
64 14
64 20
64 26
64 32
64 38
64 46
64 53
65 5
65 8
65 11
65 20
65 28
65 41
65 43
65 51
65 63
66 7
66 12
66 13
66 15
66 17
66 23
66 26
66 27
66 31
66 35
66 36
66 41
66 50
66 54
66 59
66 64
67 0
67 15
67 23
67 26
67 30
67 40
67 47
67 49
67 50
67 65
68 5
68 10
68 17
68 18
68 24
68 27
68 33
68 44
68 47
68 50
68 54
69 0
69 11
69 12
69 24
69 26
69 31
69 51
69 54
69 55
69 62
69 65
69 66
69 67
70 2
70 3
70 5
70 26
70 35
70 53
70 54
70 56
70 58
70 63
70 65
70 69
71 15
71 20
71 31
71 33
71 34
71 37
71 51
71 56
71 66
72 0
72 2
72 3
72 4
72 8
72 14
72 18
72 20
72 21
72 22
72 24
72 34
72 37
72 39
72 44
72 54
72 58
72 62
72 67
72 68
72 70
73 1
73 3
73 14
73 18
73 19
73 29
73 38
73 39
73 47
73 48
73 52
73 55
74 1
74 10
74 13
74 14
74 28
74 30
74 32
74 40
74 45
74 51
74 56
74 68
74 69
74 73
75 2
75 5
75 7
75 13
75 17
75 18
75 19
75 28
75 35
75 43
75 44
75 53
75 55
75 56
75 66
76 5
76 8
76 17
76 19
76 25
76 31
76 37
76 38
76 51
76 52
76 56
76 60
76 63
76 72
77 2
77 4
77 20
77 23
77 42
77 43
77 60
77 61
77 72
77 75
78 6
78 8
78 16
78 17
78 18
78 27
78 30
78 34
78 43
78 45
78 50
78 60
78 67
78 70
78 71
78 74
78 75
79 5
79 7
79 11
79 14
79 21
79 24
79 29
79 33
79 37
79 48
79 54
79 70
79 76
80 2
80 8
80 11
80 14
80 15
80 16
80 31
80 34
80 42
80 52
80 53
80 55
80 66
80 77
80 79
81 13
81 14
81 18
81 33
81 35
81 37
81 40
81 43
81 44
81 49
81 54
81 62
81 63
81 66
81 67
81 73
81 77
81 78
82 3
82 12
82 14
82 29
82 31
82 34
82 44
82 46
82 53
82 71
82 73
82 75
82 78
83 0
83 4
83 7
83 8
83 14
83 15
83 22
83 25
83 28
83 36
83 42
83 49
83 76
83 78
83 80
84 1
84 6
84 8
84 10
84 19
84 21
84 23
84 27
84 33
84 54
85 1
85 7
85 11
85 15
85 17
85 20
85 24
85 25
85 29
85 36
85 37
85 38
85 47
85 54
85 60
85 69
85 70
85 75
86 3
86 5
86 11
86 15
86 24
86 26
86 32
86 34
86 35
86 41
86 44
86 46
86 65
86 69
87 0
87 4
87 10
87 12
87 16
87 21
87 35
87 43
87 44
87 54
87 55
87 56
87 64
87 65
87 73
87 74
87 78
87 85
88 3
88 6
88 9
88 13
88 22
88 27
88 32
88 38
88 43
88 50
88 54
88 56
88 64
88 66
88 71
88 82
89 9
89 10
89 11
89 12
89 13
89 17
89 20
89 26
89 28
89 36
89 46
89 49
89 60
89 62
89 64
89 73
89 81
89 87
