65
260
5 0
6 0
6 3
8 7
9 0
10 0
10 1
10 9
11 0
11 2
11 6
12 3
12 9
13 0
13 3
13 6
14 4
14 10
14 12
15 0
15 2
15 3
15 4
15 12
16 3
16 7
16 15
17 8
17 10
17 11
17 13
17 14
17 16
18 3
18 15
19 5
19 17
20 12
21 2
21 6
21 13
21 19
22 7
22 16
23 0
23 6
24 2
24 6
24 13
24 17
24 23
25 2
25 11
25 12
25 22
26 0
27 10
27 11
27 16
27 22
28 24
28 27
29 2
29 22
29 24
29 26
29 27
30 7
30 10
30 26
31 7
31 27
32 1
32 10
32 23
32 27
32 28
32 29
33 0
33 4
33 6
33 10
33 30
33 32
34 1
34 15
34 20
34 23
34 25
34 28
35 9
35 16
35 18
35 22
36 19
36 20
36 32
36 35
38 6
38 9
38 13
38 19
38 21
38 37
39 1
39 6
39 36
40 0
40 6
40 10
40 11
40 22
40 24
40 30
41 19
41 38
42 1
42 8
42 9
42 12
42 15
42 17
42 18
42 23
42 26
43 0
43 1
43 11
43 26
44 0
44 9
44 22
44 26
44 32
44 43
45 6
45 8
45 10
45 32
46 2
46 14
46 19
46 25
46 34
46 37
47 38
48 10
48 18
48 28
48 35
49 5
49 22
49 24
49 34
50 0
50 2
50 18
50 33
50 43
50 47
51 3
51 5
51 6
51 16
51 19
51 34
51 46
51 47
52 5
52 12
52 13
52 22
52 36
52 41
52 44
52 46
52 48
53 2
53 7
53 44
53 48
54 0
54 3
54 7
54 15
54 16
54 22
54 25
55 1
55 9
55 23
55 29
55 31
56 2
56 7
56 9
56 10
56 27
56 31
56 33
56 39
56 45
57 0
57 4
57 18
57 19
57 24
57 31
57 43
57 48
57 56
58 5
58 20
58 26
58 29
58 43
58 44
58 48
59 41
59 48
59 50
60 18
60 24
60 32
60 34
60 50
61 10
61 14
61 25
61 29
61 31
61 36
61 57
62 15
62 16
62 23
62 30
62 39
62 43
62 47
63 4
63 7
63 20
63 32
63 33
63 37
63 44
63 51
63 52
63 53
63 55
64 13
64 19
64 22
64 28
64 44
64 47
64 54
64 57
64 59
