95
450
5 0
6 2
7 6
9 1
13 0
13 7
13 11
14 0
15 7
15 8
15 10
17 1
17 5
17 14
19 3
19 4
19 5
19 6
19 18
20 2
20 14
20 16
20 19
21 1
23 0
23 4
26 2
26 3
26 7
26 20
26 25
27 6
27 10
27 12
27 24
27 26
28 2
28 8
28 15
28 20
28 22
28 24
29 16
30 25
31 1
31 18
32 1
32 22
32 24
33 12
33 16
33 17
33 18
33 25
34 14
35 0
35 32
36 1
36 12
36 20
36 35
37 33
38 28
39 2
39 11
39 12
39 37
40 4
40 18
40 22
40 30
41 11
41 12
41 19
41 23
41 35
42 11
42 26
42 29
43 15
43 18
43 41
44 5
44 12
44 19
44 41
44 42
45 10
45 12
45 15
45 18
45 28
45 38
45 41
45 44
46 1
46 9
46 12
46 31
46 34
46 36
47 5
47 8
47 31
47 40
47 41
48 8
48 10
48 21
48 23
48 45
49 3
49 6
49 37
49 38
49 41
50 8
50 11
50 16
50 38
50 44
50 47
50 49
51 19
51 37
51 41
51 42
52 3
52 6
52 7
52 11
52 14
52 19
52 21
52 24
52 32
53 1
53 3
53 25
53 29
53 36
54 34
54 38
54 48
55 4
55 15
55 16
55 28
55 31
55 35
55 36
55 39
55 46
56 1
56 2
56 4
56 20
56 26
56 28
56 34
56 49
57 4
57 18
57 29
57 30
57 31
58 0
58 6
58 13
58 16
58 20
58 41
58 57
59 4
59 6
59 20
59 26
59 28
60 3
60 5
60 8
60 10
60 23
60 35
60 36
60 44
60 49
60 55
61 4
61 11
61 17
61 20
61 29
61 31
61 36
61 41
61 57
61 60
62 1
62 18
62 26
62 48
62 50
62 53
63 1
63 47
64 4
64 10
64 29
64 31
64 34
64 51
65 20
65 35
65 36
65 50
65 62
66 0
66 2
66 38
66 44
66 63
67 6
67 9
67 44
67 51
67 56
67 57
68 20
68 27
68 28
68 36
68 41
69 21
69 36
69 40
69 55
69 62
69 64
70 3
70 6
70 18
70 25
70 40
70 44
70 45
70 54
70 68
70 69
71 8
71 16
71 17
71 18
71 19
71 36
72 17
72 18
72 25
72 35
72 40
72 65
72 71
73 5
73 18
73 25
73 27
73 34
73 38
73 55
74 4
74 5
74 9
74 20
74 45
74 47
74 54
74 73
75 4
75 31
75 36
75 39
75 69
76 3
76 8
76 16
76 19
76 26
76 31
76 35
76 53
76 64
76 65
76 68
77 4
77 6
77 17
77 21
77 24
77 25
77 33
77 51
77 76
78 9
78 34
78 46
78 49
78 60
78 67
79 1
79 17
79 25
79 31
79 32
79 40
79 58
79 68
79 73
80 0
80 27
80 28
80 31
80 39
80 44
80 51
80 67
80 75
81 8
81 9
81 12
81 15
81 28
81 41
81 45
81 51
81 64
81 78
82 0
82 2
82 20
82 22
82 33
82 35
82 53
82 59
82 71
82 74
83 2
83 36
83 47
84 6
84 18
84 25
84 37
84 40
84 42
84 45
84 54
84 58
84 69
85 12
85 24
85 28
85 62
86 30
86 34
86 39
86 40
86 44
86 49
86 52
86 59
86 68
86 75
87 10
87 26
87 34
87 38
87 39
87 42
87 44
87 56
87 59
87 62
87 66
87 71
87 74
87 85
88 10
88 13
88 50
88 60
88 71
88 78
88 87
89 7
89 19
89 30
89 45
89 71
89 74
90 0
90 2
90 13
90 15
90 28
90 35
90 44
90 75
90 86
91 4
91 30
91 38
91 54
91 57
91 59
91 68
91 76
92 15
92 22
92 23
92 28
92 75
92 78
92 79
92 80
92 83
92 87
93 10
93 14
93 15
93 19
93 33
93 35
93 49
93 55
93 79
93 85
94 8
94 11
94 18
94 34
94 43
94 65
94 71
94 73
94 80
94 83
94 84
94 88
94 89
