90
315
3 1
4 0
9 2
12 2
12 9
13 7
14 2
16 1
16 3
17 11
21 3
21 15
23 11
23 13
23 17
23 18
24 13
24 16
24 18
24 19
25 3
26 13
27 10
27 15
28 3
28 18
28 24
28 25
28 27
29 6
30 2
30 14
31 0
31 3
32 16
32 27
33 12
34 2
34 3
34 4
34 6
34 10
34 11
34 23
35 0
35 18
35 24
35 28
36 7
36 10
36 11
36 25
36 31
37 8
37 13
37 15
37 20
37 28
38 1
38 15
38 27
39 1
39 9
39 37
40 5
40 23
40 37
41 1
41 30
41 31
42 0
42 28
43 32
43 38
44 0
44 37
44 42
45 30
46 2
46 8
46 18
47 9
47 35
47 36
48 8
48 35
49 18
50 8
50 21
50 27
50 29
50 42
50 43
50 49
51 10
51 21
51 30
51 44
51 50
52 5
52 6
52 8
52 39
52 43
53 4
53 9
53 10
53 13
53 24
53 43
54 11
54 18
54 28
54 44
55 13
55 15
55 34
55 38
55 39
56 7
56 12
56 18
56 36
57 27
58 6
58 27
58 34
58 41
58 42
58 56
59 0
59 26
59 38
59 48
60 2
60 18
60 20
60 42
60 48
61 6
61 8
61 13
61 22
61 30
61 31
61 40
61 59
62 19
62 44
62 48
62 50
62 55
62 61
63 2
63 5
63 14
63 59
64 6
64 23
64 37
64 38
65 7
65 19
66 26
66 27
66 32
66 52
66 60
67 12
67 17
67 18
67 19
67 22
67 38
67 41
67 42
67 45
67 48
68 6
68 20
68 21
68 43
68 45
68 51
69 4
69 38
70 7
70 26
70 35
70 36
70 56
70 65
71 23
71 32
71 33
71 44
71 55
71 63
71 70
72 34
72 61
72 65
73 5
73 19
73 24
73 42
73 46
73 49
74 25
74 29
74 32
74 51
74 59
75 5
75 15
75 22
75 29
75 36
75 57
75 68
75 70
75 74
76 0
76 10
76 15
76 16
76 26
76 40
76 55
76 69
76 73
77 16
77 36
77 46
77 64
77 65
77 66
77 74
78 2
78 12
78 58
78 66
79 38
79 39
79 49
79 53
80 15
80 28
80 50
80 57
80 74
80 79
81 0
81 20
81 44
81 47
81 80
82 3
82 22
82 34
82 46
82 64
82 68
83 11
83 28
83 32
83 40
83 68
83 70
84 9
84 14
84 17
84 29
84 30
84 36
84 44
84 50
84 55
84 59
84 69
84 74
84 75
85 16
85 18
85 22
85 25
85 33
85 51
85 53
85 61
85 65
85 68
86 6
86 30
86 31
86 38
86 51
86 56
87 10
87 14
87 16
87 37
87 41
87 45
87 79
88 21
88 36
88 37
88 73
88 79
88 80
89 10
89 41
89 50
89 75
