95
500
1 0
2 1
4 3
6 2
9 7
10 1
10 3
10 6
11 9
13 1
13 3
13 8
14 2
15 3
15 6
15 7
15 9
15 14
16 11
17 12
18 0
18 13
18 14
18 16
19 4
19 9
20 14
20 15
21 4
21 19
23 0
23 18
23 19
24 3
24 5
24 17
25 5
25 13
25 19
26 10
26 16
26 23
27 0
27 13
28 8
28 16
29 0
29 10
29 12
29 16
29 24
29 28
30 7
30 12
30 16
30 27
32 0
32 1
32 5
32 7
32 17
33 6
33 12
33 25
33 27
33 31
33 32
34 15
34 30
35 2
35 3
35 15
35 32
35 33
36 25
36 28
36 29
37 9
37 15
37 20
38 1
38 7
38 15
38 23
38 29
39 2
39 6
39 17
39 19
39 29
40 12
40 15
40 22
40 27
41 2
41 17
41 21
42 1
42 3
42 33
42 34
42 35
42 39
43 7
43 31
43 34
44 11
45 5
45 7
45 8
45 19
46 24
46 39
46 42
46 44
47 0
47 2
47 6
47 14
47 31
47 34
47 44
47 46
48 4
48 17
48 23
48 28
48 41
49 26
49 43
49 45
50 3
50 12
50 15
50 45
50 47
51 42
52 13
52 41
52 42
52 43
52 48
53 13
53 22
53 30
53 37
53 39
53 40
53 45
54 5
54 7
54 12
54 13
54 28
54 30
55 5
55 19
55 27
55 43
56 4
56 9
56 16
56 24
56 26
56 28
56 35
56 43
56 46
56 50
57 40
57 43
57 44
57 45
57 48
57 52
58 13
58 18
58 32
58 34
58 49
58 51
58 54
59 4
59 7
59 10
59 15
59 17
59 27
59 29
59 31
59 47
60 5
60 12
60 25
60 32
60 36
60 50
61 14
61 25
61 27
61 30
61 41
61 43
62 1
62 15
62 39
62 46
63 8
63 19
63 21
63 23
63 29
63 33
63 43
63 49
63 57
63 58
63 59
64 2
64 8
64 13
64 25
64 27
64 29
64 30
64 50
64 54
64 60
65 3
65 8
65 9
65 11
65 16
65 22
65 24
65 28
65 52
65 63
66 8
66 14
66 47
66 48
66 50
66 51
66 54
66 58
67 8
67 41
67 52
67 66
68 2
68 12
68 31
68 67
69 12
69 20
69 25
69 28
69 54
70 1
70 9
70 20
70 28
70 34
70 42
70 49
70 60
71 5
71 31
71 35
71 37
71 42
71 48
71 51
71 52
71 54
72 10
72 22
72 43
72 49
72 58
72 60
72 62
72 68
73 14
73 19
73 44
74 2
74 18
74 27
74 46
74 62
74 72
75 16
75 25
75 27
75 30
75 35
75 58
75 63
75 68
76 9
76 10
76 11
76 21
76 31
76 40
76 48
76 71
77 3
77 8
77 12
77 27
77 33
77 34
77 36
77 41
77 42
77 47
77 54
77 62
77 68
77 73
77 76
78 1
78 7
78 13
78 14
78 18
78 26
78 31
78 38
78 40
78 71
79 7
79 35
79 38
79 62
79 65
79 66
79 68
80 8
80 10
80 15
80 19
80 23
80 42
80 47
80 50
80 56
80 57
80 73
81 0
81 5
81 6
81 8
81 27
81 34
81 38
81 41
81 52
81 58
81 67
82 9
82 14
82 16
82 21
82 22
82 44
82 64
82 71
82 80
83 1
83 23
83 34
83 35
83 62
83 72
83 78
83 82
84 0
84 8
84 30
84 39
84 41
84 48
84 49
84 55
84 58
84 61
84 62
84 64
84 65
84 80
85 19
85 27
85 31
85 55
85 74
86 3
86 8
86 10
86 19
86 24
86 28
86 33
86 35
86 36
86 48
86 60
86 66
86 79
86 80
87 2
87 4
87 30
87 36
87 56
87 69
87 72
87 82
87 86
88 0
88 34
88 41
88 48
88 51
88 54
88 56
88 63
88 66
88 77
88 85
89 2
89 5
89 12
89 13
89 16
89 25
89 31
89 40
89 41
89 49
89 57
89 58
89 61
89 72
89 74
89 78
89 82
90 4
90 10
90 21
90 24
90 29
90 30
90 32
90 52
90 55
90 72
90 77
91 0
91 5
91 23
91 25
91 27
91 32
91 36
91 39
91 53
91 57
91 62
91 89
92 4
92 14
92 15
92 21
92 27
92 82
93 0
93 3
93 4
93 6
93 36
93 37
93 44
93 58
93 61
93 75
93 76
93 83
93 87
93 92
94 9
94 26
94 53
94 77
94 80
94 83
94 87
