90
225
9 8
11 7
13 7
15 10
15 12
16 1
16 11
19 12
19 16
20 4
20 8
20 14
21 2
21 8
23 10
23 12
23 22
25 4
25 19
27 3
27 14
28 0
29 4
29 20
29 25
29 27
30 11
30 21
31 5
31 15
31 19
32 29
33 6
33 10
33 22
34 15
35 16
36 22
38 13
38 17
38 35
38 36
39 10
40 20
40 31
41 21
41 23
41 34
42 10
42 16
42 40
43 3
43 7
44 0
44 25
44 40
45 5
45 17
45 23
45 35
46 7
46 19
46 41
47 42
48 13
48 16
48 31
48 37
49 3
49 17
50 20
50 26
51 24
51 29
53 0
53 3
53 14
54 25
54 39
54 40
55 4
55 26
56 11
56 18
56 24
56 25
56 35
56 39
56 46
56 51
57 4
57 21
57 30
57 33
57 56
58 2
58 8
59 50
60 18
61 4
61 9
61 21
61 41
61 56
62 14
62 23
62 56
63 2
63 9
63 26
63 29
63 30
63 36
63 41
63 50
63 62
65 42
65 45
65 51
66 23
66 32
66 47
67 14
67 30
67 66
68 2
68 6
68 30
68 39
68 67
69 19
69 52
69 56
70 13
70 19
70 35
70 44
71 41
71 49
72 16
72 27
72 50
72 70
73 22
73 44
73 49
74 4
74 10
74 19
74 30
74 56
74 68
75 7
75 15
75 20
75 23
75 28
75 43
75 63
75 65
75 73
76 11
76 16
77 29
77 50
77 63
78 2
78 7
78 42
78 44
79 16
79 23
79 35
80 0
80 25
80 61
80 74
80 75
80 77
81 0
81 36
81 63
82 3
82 29
82 41
82 47
82 51
83 1
83 4
83 15
83 44
84 19
84 36
84 41
84 47
84 64
84 83
85 34
85 35
86 0
86 2
86 28
86 65
86 77
86 84
87 2
87 9
87 44
87 55
87 64
88 3
88 37
88 38
88 39
88 48
88 61
88 80
89 17
89 50
89 52
89 56
89 59
89 60
89 68
89 82
