90
810
2 0
4 3
5 0
5 2
6 1
6 2
7 6
8 1
8 3
9 2
10 2
10 6
11 2
11 3
11 4
12 0
12 3
12 5
12 8
13 0
13 2
13 3
14 1
14 3
14 4
14 8
14 11
15 0
15 3
15 8
15 9
15 12
16 1
16 6
16 13
16 15
17 2
17 5
17 10
19 0
19 4
19 5
19 7
19 11
19 17
20 5
20 8
20 10
20 13
21 0
21 8
21 10
22 8
22 11
22 16
22 19
22 20
23 14
23 15
23 16
23 17
24 1
24 6
24 10
25 3
25 4
25 6
25 8
25 9
25 15
25 17
26 0
26 6
26 9
26 16
26 19
26 25
27 2
27 10
27 16
27 19
27 21
28 3
28 4
28 11
28 13
28 27
29 0
29 4
29 27
30 11
30 26
30 28
31 2
31 4
31 6
31 7
31 14
31 15
31 19
31 28
31 29
32 8
32 11
32 25
32 27
32 30
32 31
33 0
33 2
33 5
33 6
33 13
33 16
33 20
33 23
33 24
33 27
33 31
33 32
34 3
34 9
34 14
34 18
34 20
34 30
34 33
35 0
35 12
35 15
35 19
35 21
35 24
35 28
36 1
36 2
36 11
36 29
36 31
37 1
37 2
37 5
37 6
37 17
37 22
37 25
37 26
37 29
38 0
38 6
38 11
38 21
38 34
39 22
39 26
39 28
39 36
40 5
40 12
40 18
40 21
40 22
40 26
40 29
40 33
41 2
41 5
41 28
41 30
42 1
42 6
42 9
42 10
42 23
42 26
42 28
42 30
42 37
42 39
43 1
43 3
43 4
43 13
43 15
43 28
43 37
44 5
44 14
44 20
44 22
44 25
44 29
44 43
45 1
45 4
45 5
45 11
45 12
45 17
45 21
45 23
45 26
45 32
46 2
46 4
46 8
46 9
46 10
46 11
46 20
46 24
46 25
46 28
46 29
46 32
46 33
46 37
46 38
47 3
47 7
47 14
47 18
47 24
47 30
47 32
47 34
47 37
47 46
48 0
48 4
48 7
48 12
48 14
48 15
48 24
48 28
48 39
48 40
48 41
48 42
48 46
49 5
49 6
49 19
49 20
49 27
49 34
49 38
49 42
49 44
50 2
50 4
50 6
50 7
50 11
50 15
50 20
50 22
50 38
50 39
50 40
50 42
50 44
51 1
51 5
51 10
51 13
51 15
51 22
51 24
51 31
51 35
51 38
51 42
51 43
51 47
52 1
52 8
52 9
52 20
52 29
52 31
52 34
52 35
52 43
52 46
52 47
52 49
53 2
53 4
53 11
53 17
53 28
53 36
53 37
53 39
53 44
53 51
53 52
54 9
54 12
54 13
54 14
54 22
54 25
54 33
54 34
54 35
54 45
54 47
54 49
54 50
55 0
55 5
55 7
55 17
55 18
55 28
55 32
55 39
55 47
55 49
55 51
55 52
56 16
56 17
56 28
56 34
56 37
56 39
56 41
57 1
57 16
57 23
57 32
57 37
57 42
57 54
58 3
58 9
58 11
58 15
58 16
58 17
58 30
58 37
58 39
58 40
58 47
58 52
58 55
59 4
59 12
59 17
59 18
59 23
59 29
59 32
59 34
59 38
59 40
59 42
59 47
59 58
60 0
60 8
60 11
60 15
60 21
60 25
60 30
60 36
60 40
60 41
60 53
60 55
60 56
60 57
61 0
61 1
61 3
61 4
61 7
61 13
61 15
61 17
61 20
61 24
61 25
61 32
61 33
61 46
61 50
61 51
61 52
61 54
61 56
61 58
62 6
62 11
62 13
62 22
62 25
62 29
62 38
62 42
62 44
62 56
62 61
63 7
63 9
63 10
63 11
63 25
63 26
63 34
63 35
63 40
63 46
63 49
63 53
63 58
63 62
64 0
64 1
64 7
64 12
64 17
64 19
64 20
64 21
64 26
64 38
64 39
64 48
64 60
65 0
65 3
65 5
65 11
65 13
65 15
65 19
65 23
65 31
65 32
65 44
65 50
65 56
65 57
65 60
66 2
66 7
66 8
66 9
66 36
66 48
66 55
66 63
67 0
67 3
67 18
67 23
67 24
67 27
67 28
67 30
67 34
67 35
67 40
67 45
67 47
67 48
67 49
67 56
67 57
68 0
68 1
68 5
68 10
68 11
68 13
68 25
68 26
68 27
68 30
68 31
68 32
68 39
68 45
68 53
68 54
68 65
68 67
69 1
69 2
69 14
69 15
69 22
69 29
69 30
69 34
69 37
69 39
69 51
69 55
69 62
70 11
70 12
70 18
70 21
70 24
70 44
70 46
70 54
70 56
70 57
70 58
70 64
70 65
70 67
71 7
71 23
71 24
71 25
71 26
71 28
71 30
71 31
71 37
71 47
71 48
71 52
71 53
71 54
71 67
71 70
72 0
72 1
72 2
72 3
72 4
72 12
72 20
72 36
72 40
72 41
72 62
72 67
73 0
73 2
73 8
73 10
73 15
73 26
73 27
73 39
73 41
73 47
73 50
73 54
73 60
73 62
73 69
73 70
73 71
74 0
74 9
74 10
74 11
74 19
74 21
74 22
74 29
74 33
74 38
74 54
74 55
74 57
74 60
75 10
75 22
75 23
75 24
75 27
75 36
75 46
75 47
75 48
75 50
75 56
75 59
75 60
75 67
75 69
75 72
76 1
76 2
76 5
76 8
76 9
76 13
76 23
76 24
76 26
76 34
76 36
76 42
76 52
77 7
77 8
77 10
77 11
77 14
77 15
77 23
77 24
77 29
77 32
77 43
77 56
77 58
77 68
77 69
77 71
78 0
78 1
78 7
78 14
78 19
78 26
78 31
78 40
78 42
78 50
78 54
78 57
78 59
78 61
78 62
78 64
78 73
79 1
79 2
79 7
79 11
79 19
79 24
79 30
79 31
79 34
79 38
79 45
79 50
79 62
79 63
80 11
80 13
80 15
80 19
80 25
80 35
80 40
80 41
80 47
80 49
80 53
80 59
80 69
80 70
80 75
80 79
81 5
81 21
81 28
81 29
81 40
81 46
81 55
81 56
81 57
81 58
81 59
81 79
82 23
82 27
82 29
82 33
82 38
82 42
82 43
82 50
82 53
82 56
82 61
82 62
82 63
82 65
82 70
82 73
83 1
83 2
83 3
83 5
83 13
83 19
83 28
83 30
83 39
83 57
83 60
83 67
83 72
83 77
83 82
84 8
84 9
84 11
84 18
84 23
84 24
84 32
84 34
84 47
84 57
84 58
84 59
84 63
84 71
84 78
84 82
85 11
85 16
85 17
85 19
85 22
85 25
85 30
85 31
85 36
85 46
85 49
85 58
85 62
85 64
85 66
85 68
85 77
85 82
86 0
86 2
86 4
86 5
86 11
86 16
86 17
86 20
86 25
86 27
86 31
86 33
86 35
86 36
86 40
86 43
86 60
86 77
87 11
87 12
87 18
87 21
87 22
87 23
87 25
87 33
87 34
87 38
87 47
87 50
87 57
87 59
87 63
87 65
87 74
87 77
88 0
88 30
88 36
88 37
88 38
88 46
88 52
88 68
88 71
88 74
88 86
88 87
89 6
89 11
89 16
89 28
89 37
89 38
89 60
89 61
89 68
89 72
89 75
89 76
89 77
