90
540
5 1
6 0
6 5
7 4
8 3
9 0
9 5
11 2
12 2
12 5
13 4
13 10
14 3
14 11
16 4
16 9
17 1
17 2
17 3
18 16
18 17
19 3
20 7
20 10
20 16
21 9
21 13
21 19
22 0
22 14
22 16
23 3
23 19
24 15
24 22
25 2
25 6
26 2
26 16
26 17
27 6
27 11
27 17
27 19
27 20
27 24
27 26
28 15
29 3
29 16
29 20
29 23
29 27
30 1
30 4
30 8
30 25
31 2
31 24
32 0
32 1
32 2
32 5
32 17
33 1
33 7
33 9
33 26
33 31
34 0
34 7
34 9
34 12
34 18
35 6
35 11
35 14
35 15
35 19
35 25
35 27
35 30
35 32
36 0
36 11
36 13
36 15
36 18
36 21
36 23
38 21
38 29
39 1
39 4
39 9
39 21
39 34
39 35
40 2
40 20
40 23
40 30
40 38
41 1
41 7
41 26
41 31
42 7
42 18
42 25
42 34
42 39
43 1
43 2
43 3
43 23
43 26
43 29
43 34
43 38
44 17
45 21
45 26
45 28
45 32
45 37
46 5
46 9
46 11
46 14
46 16
46 19
46 30
46 36
46 42
47 8
47 13
47 35
47 46
48 9
48 10
48 18
48 19
49 8
49 13
49 17
49 20
49 22
49 23
49 27
49 30
49 35
49 40
49 45
50 1
50 11
50 15
50 17
50 25
50 34
50 38
50 40
51 2
51 3
51 21
51 26
51 35
51 36
51 37
51 39
51 45
51 48
52 5
52 9
52 15
52 16
52 29
52 30
52 34
52 48
52 49
53 5
53 6
53 7
53 17
53 19
53 22
53 32
53 34
53 37
53 47
53 50
54 7
54 27
54 34
54 48
54 49
55 4
55 5
55 28
55 33
55 38
55 42
56 1
56 6
56 17
56 47
56 51
57 8
57 19
57 35
57 36
57 41
57 46
57 50
58 0
58 15
58 20
58 33
58 44
58 49
58 52
58 53
59 2
59 6
59 25
59 29
59 38
59 39
59 43
59 48
59 56
60 1
60 18
60 22
60 25
60 34
60 39
60 49
60 52
60 56
61 10
61 19
61 21
61 27
61 29
61 40
61 41
61 49
61 57
62 0
62 20
62 25
62 26
62 35
62 46
62 52
62 53
62 54
62 57
63 15
63 18
63 24
63 25
63 54
63 59
64 0
64 10
64 11
64 13
64 28
64 34
64 36
64 39
64 50
64 51
64 59
65 8
65 11
65 57
65 58
66 4
66 6
66 15
66 19
66 24
66 36
66 45
66 65
67 11
67 14
67 18
67 19
67 21
67 27
67 31
67 33
67 36
67 37
67 42
67 48
67 50
67 57
67 60
67 63
68 0
68 5
68 14
68 15
68 23
68 28
68 42
68 47
68 48
68 61
69 0
69 4
69 8
69 11
69 23
69 45
69 47
69 58
69 62
69 63
69 67
70 0
70 5
70 10
70 14
70 16
70 29
70 32
70 33
70 38
70 42
70 49
70 50
70 57
70 61
70 63
71 2
71 5
71 22
71 28
71 31
71 33
71 42
71 46
71 65
72 15
72 30
72 33
72 36
72 41
72 60
72 63
72 67
73 0
73 3
73 4
73 31
73 32
73 38
73 52
73 53
73 55
73 58
73 62
73 65
73 70
74 4
74 8
74 10
74 18
74 21
74 27
74 34
74 36
74 38
74 68
74 72
75 1
75 4
75 17
75 20
75 43
75 56
75 62
75 64
75 65
75 68
76 8
76 9
76 10
76 18
76 22
76 25
76 36
76 45
76 48
76 75
77 0
77 11
77 21
77 29
77 46
77 48
78 5
78 7
78 16
78 21
78 28
78 30
78 53
78 58
79 2
79 6
79 16
79 23
79 41
79 46
79 53
79 61
79 69
79 76
80 6
80 8
80 37
80 44
80 46
80 47
80 48
80 51
80 52
80 53
80 55
80 63
80 68
80 70
80 78
81 1
81 4
81 12
81 14
81 16
81 33
81 37
81 41
81 45
81 51
81 52
81 67
81 74
81 77
82 15
82 38
82 39
82 57
82 59
82 69
82 71
82 75
82 76
82 79
83 2
83 9
83 10
83 15
83 17
83 29
83 31
83 42
83 45
83 49
83 53
83 74
83 76
84 3
84 16
84 19
84 23
84 40
84 56
84 60
84 64
84 66
84 75
84 78
85 17
85 27
85 38
85 42
85 44
85 46
85 67
85 82
86 6
86 13
86 25
86 29
86 33
86 37
86 53
86 76
86 77
87 12
87 22
87 25
87 50
87 63
87 64
87 65
87 82
88 0
88 1
88 2
88 4
88 19
88 20
88 27
88 40
88 51
88 59
88 62
88 65
88 73
88 80
89 0
89 3
89 10
89 26
89 41
89 48
89 50
89 57
89 71
89 74
89 77
89 83
