90
675
2 1
6 2
7 0
8 7
9 8
11 0
12 10
12 11
13 8
13 9
14 2
14 5
15 14
16 1
16 8
16 9
17 1
17 2
17 3
17 5
17 7
17 12
17 13
17 15
17 16
18 3
18 9
18 16
19 4
19 8
19 10
19 13
20 13
21 0
21 7
21 9
21 12
21 13
21 20
22 11
22 14
22 19
23 1
23 6
23 8
23 9
23 14
23 15
23 16
23 18
23 22
24 10
25 2
25 6
25 14
25 18
25 23
26 0
26 8
26 14
27 2
27 6
27 10
27 16
27 22
28 18
29 4
29 8
29 13
29 21
30 18
30 20
30 22
30 26
31 5
31 8
31 14
31 22
32 4
32 12
32 13
32 14
32 24
32 26
32 28
33 21
34 5
34 14
34 17
34 21
34 31
35 13
35 15
35 28
35 29
36 13
36 26
36 32
37 0
37 8
37 9
37 10
37 13
37 17
37 25
37 26
37 31
37 33
37 36
38 6
38 8
38 9
38 13
38 18
38 21
38 24
38 30
38 37
39 0
39 8
39 10
39 22
39 38
40 2
40 5
40 6
40 21
40 29
40 35
40 37
40 39
41 0
41 8
41 13
41 25
41 29
41 36
41 37
41 39
42 22
42 24
42 32
43 1
43 3
43 9
43 23
43 29
43 31
43 36
44 6
44 8
44 11
44 17
44 20
44 21
44 22
44 23
44 30
44 31
44 36
44 39
44 43
45 0
45 10
45 18
45 33
45 35
45 44
46 16
46 18
46 26
46 27
46 28
46 31
46 32
46 34
46 39
47 7
47 9
47 12
47 16
47 18
47 29
47 30
47 43
48 5
48 6
48 10
48 11
48 19
48 25
48 37
48 39
48 47
49 4
49 5
49 10
49 12
49 15
49 16
49 17
49 26
49 29
49 31
49 32
49 35
49 40
49 43
49 46
50 4
50 8
50 9
50 15
50 26
50 30
50 35
50 36
50 37
51 0
51 6
51 27
51 35
51 38
52 5
52 12
52 15
52 17
52 25
52 26
52 33
52 34
52 45
53 0
53 27
53 30
53 45
54 10
54 12
54 16
54 19
54 21
54 39
54 47
55 8
55 13
55 22
55 26
55 40
55 43
55 44
55 45
56 4
56 13
56 14
56 17
56 20
56 23
56 24
56 26
56 27
56 33
56 37
56 39
57 9
57 12
57 18
57 27
57 30
57 38
57 40
57 48
57 49
57 53
58 13
58 15
58 37
58 46
58 50
58 56
59 1
59 11
59 13
59 20
59 25
59 31
59 37
59 38
59 39
59 50
59 51
59 54
60 2
60 5
60 11
60 13
60 14
60 15
60 24
60 25
60 29
60 34
60 37
60 51
61 12
61 16
61 27
61 29
61 36
61 37
61 40
61 44
61 47
61 49
61 53
61 55
61 58
62 13
62 20
62 35
62 55
62 56
62 57
62 60
63 1
63 9
63 10
63 15
63 24
63 37
63 41
63 44
63 54
63 62
64 14
64 17
64 34
64 36
64 37
64 39
64 43
64 45
64 53
64 57
65 0
65 10
65 21
65 24
65 26
65 38
65 40
65 43
65 47
65 53
65 54
65 62
66 15
66 19
66 27
66 43
67 4
67 16
67 24
67 30
67 47
67 57
67 61
67 63
67 65
68 0
68 5
68 7
68 16
68 18
68 21
68 23
68 31
68 33
68 35
68 38
68 45
68 49
68 59
68 66
69 5
69 6
69 8
69 24
69 26
69 31
69 45
69 52
69 57
69 64
69 67
69 68
70 0
70 1
70 4
70 7
70 13
70 14
70 21
70 32
70 35
70 39
70 41
70 58
70 65
70 67
71 11
71 18
71 32
71 46
71 58
71 67
71 68
72 6
72 7
72 8
72 10
72 12
72 14
72 27
72 29
72 37
72 41
72 43
72 44
72 46
72 58
72 63
72 69
73 4
73 22
73 33
73 36
73 41
73 42
73 65
73 68
73 71
73 72
74 20
74 24
74 52
74 57
74 67
75 0
75 10
75 13
75 14
75 23
75 42
75 49
75 52
75 53
75 54
75 55
75 56
75 62
75 68
75 72
75 74
76 7
76 20
76 21
76 24
76 30
76 31
76 32
76 36
76 37
76 42
76 44
76 47
76 48
76 49
76 51
76 56
76 64
76 66
76 67
76 70
76 71
77 0
77 4
77 9
77 13
77 16
77 22
77 33
77 47
77 54
77 58
77 67
78 0
78 1
78 6
78 7
78 20
78 25
78 43
78 57
78 58
78 60
78 64
78 71
78 75
78 77
79 9
79 16
79 22
79 27
79 34
79 39
79 40
79 54
79 66
79 68
79 70
79 74
80 1
80 4
80 15
80 17
80 20
80 23
80 24
80 26
80 31
80 33
80 35
80 41
80 42
80 44
80 53
80 58
80 60
80 64
80 73
81 9
81 12
81 17
81 18
81 20
81 25
81 27
81 28
81 31
81 34
81 60
81 64
81 65
81 66
81 69
81 71
81 76
82 4
82 9
82 12
82 25
82 44
82 53
82 56
82 65
82 66
82 79
83 3
83 6
83 7
83 13
83 15
83 16
83 20
83 21
83 23
83 27
83 36
83 38
83 39
83 43
83 52
83 56
84 1
84 5
84 6
84 7
84 10
84 18
84 22
84 23
84 28
84 31
84 42
84 43
84 44
84 46
84 47
84 50
84 56
84 57
84 67
84 74
85 4
85 6
85 12
85 26
85 28
85 32
85 34
85 40
85 43
85 53
85 55
85 57
85 63
85 64
85 76
85 80
86 4
86 8
86 24
86 29
86 37
86 38
86 45
86 46
86 49
86 56
86 59
86 69
86 77
86 79
86 82
87 4
87 8
87 9
87 10
87 12
87 15
87 27
87 33
87 37
87 40
87 44
87 54
87 60
87 64
87 65
87 71
87 72
87 82
88 6
88 8
88 12
88 16
88 17
88 20
88 31
88 32
88 34
88 38
88 74
88 78
89 8
89 14
89 23
89 27
89 33
89 41
89 45
89 54
89 60
89 68
89 84
