80
400
1 0
4 0
6 0
6 1
6 2
7 1
9 3
11 1
12 1
12 11
13 0
13 2
13 3
13 6
14 7
15 12
16 0
16 4
16 8
17 6
17 15
18 4
18 5
18 10
18 12
18 15
19 4
20 0
20 2
20 4
20 9
20 16
20 19
21 12
21 13
21 14
22 4
22 12
22 19
23 22
24 3
24 6
24 10
24 21
25 10
25 15
25 23
26 7
26 13
26 16
27 1
27 9
27 16
27 26
28 24
29 8
29 27
29 28
30 2
30 8
30 24
30 28
31 2
31 13
31 14
31 15
31 23
31 25
31 29
32 0
32 28
33 14
33 21
33 28
33 31
33 32
34 0
34 6
34 11
34 20
34 29
35 7
35 17
35 18
35 28
35 34
36 2
36 5
36 14
36 16
36 27
36 32
36 34
37 9
37 13
37 15
37 18
37 30
37 32
38 3
38 8
38 12
38 22
38 33
39 26
39 34
40 0
40 2
40 12
40 20
40 27
40 29
40 35
40 36
40 39
41 7
41 11
41 18
41 22
41 26
41 28
41 37
41 40
42 2
42 25
42 30
42 35
43 16
43 25
43 29
43 42
44 22
44 27
44 39
44 43
45 22
45 26
46 9
46 13
46 19
46 28
46 29
46 38
46 43
47 1
47 7
47 11
47 17
47 23
47 24
47 29
47 46
48 2
48 4
48 8
48 12
48 16
48 44
49 0
49 8
49 11
49 12
49 14
49 34
49 38
50 28
50 30
50 37
51 2
51 11
51 19
51 46
51 47
52 8
52 10
52 13
52 14
52 21
52 28
52 30
52 32
52 50
53 0
53 1
53 15
53 23
53 30
53 31
53 32
53 34
53 49
54 11
54 27
55 1
55 11
55 13
55 15
55 23
56 3
56 6
56 20
56 24
56 34
56 39
56 41
57 5
57 20
57 29
57 42
57 45
57 54
58 9
58 19
58 37
58 46
58 53
59 5
59 6
59 27
59 34
59 43
59 44
59 47
59 49
60 6
60 12
60 22
60 44
61 1
61 3
61 6
61 10
61 24
61 29
61 30
61 40
61 53
62 2
62 3
62 4
62 38
62 58
62 59
63 18
63 20
63 35
63 40
63 46
64 6
64 16
64 17
64 27
64 31
64 44
64 54
64 55
64 56
64 60
65 2
65 23
65 27
65 44
65 45
65 54
65 59
66 8
66 18
66 20
66 23
66 27
66 48
66 60
67 0
67 3
67 5
67 18
67 41
67 58
68 5
68 11
68 23
68 28
68 38
68 46
68 56
68 58
68 67
69 2
69 8
69 11
69 18
69 27
69 31
69 33
69 41
69 44
69 51
69 56
69 57
69 59
70 5
70 12
70 13
70 38
70 39
70 53
70 59
70 62
70 68
71 3
71 6
71 17
71 25
71 29
71 32
71 52
71 53
72 7
72 19
72 51
72 53
72 54
72 55
72 57
72 59
72 70
73 6
73 8
73 42
73 53
73 61
74 11
74 12
74 22
74 26
74 30
74 35
74 40
74 56
75 2
75 6
75 12
75 17
75 30
75 31
75 38
75 40
75 42
75 44
75 49
75 66
75 71
76 1
76 19
76 24
76 26
76 29
76 40
76 48
76 54
76 62
76 72
76 73
77 2
77 5
77 8
77 14
77 19
77 25
77 51
77 54
77 58
77 60
77 63
77 64
77 66
77 68
77 71
78 6
78 8
78 25
78 34
78 36
78 40
78 41
78 50
78 54
78 55
78 58
78 59
78 66
78 67
78 70
78 75
79 15
79 27
79 44
79 67
79 71
79 73
