75
700
2 1
6 4
6 5
8 3
8 6
8 7
9 7
10 5
10 8
11 0
11 2
11 5
11 6
12 1
12 6
12 8
13 1
13 2
13 4
13 5
13 9
13 11
14 3
14 6
14 8
15 11
16 4
16 10
17 1
17 3
17 4
17 9
17 12
17 13
18 1
18 8
18 16
19 1
19 2
19 4
20 0
20 13
20 16
21 0
21 2
21 11
21 12
21 14
21 15
21 16
21 20
22 0
22 1
22 5
22 6
22 8
22 14
22 16
22 19
23 13
23 21
24 0
24 5
24 10
24 14
24 15
24 19
25 0
25 1
25 4
25 7
25 8
25 10
25 12
25 13
25 16
25 17
25 19
25 20
25 22
26 4
26 9
26 10
26 14
26 18
26 22
26 25
27 1
27 5
27 7
27 8
27 9
27 14
27 19
27 24
28 1
28 7
28 12
28 13
28 15
28 16
28 17
28 23
28 24
28 27
29 3
29 4
29 5
29 10
29 16
29 17
29 19
29 23
29 27
30 11
30 17
30 21
30 25
30 29
31 5
31 14
31 16
31 19
31 24
31 27
31 30
32 16
32 22
32 27
33 0
33 1
33 3
33 4
33 7
33 12
33 17
33 19
33 28
33 30
34 2
34 3
34 5
34 12
34 17
34 22
34 27
35 12
35 16
35 18
35 19
35 22
35 28
35 29
35 33
36 3
36 10
36 17
36 22
36 23
36 25
36 27
36 32
36 35
37 3
37 4
37 7
37 10
37 26
37 27
37 31
37 33
37 35
37 36
38 8
38 10
38 14
38 16
38 18
38 22
38 24
38 25
38 26
38 28
38 30
38 31
38 33
39 2
39 3
39 8
39 10
39 13
39 14
39 15
39 17
39 18
39 30
39 36
39 38
40 0
40 5
40 11
40 13
40 14
40 19
40 20
40 32
41 1
41 2
41 5
41 8
41 23
41 30
41 32
41 35
41 40
42 4
42 5
42 6
42 7
42 8
42 16
42 22
42 24
42 27
42 35
42 39
43 0
43 1
43 6
43 7
43 12
43 14
43 23
43 28
43 30
43 34
43 36
43 38
44 1
44 5
44 8
44 16
44 20
44 22
44 30
44 33
44 37
44 41
45 2
45 6
45 8
45 14
45 15
45 17
45 23
45 30
45 36
45 38
45 42
46 4
46 7
46 14
46 16
46 18
46 20
46 21
46 23
46 29
46 33
46 38
46 40
47 5
47 7
47 13
47 15
47 16
47 37
48 0
48 4
48 5
48 8
48 10
48 15
48 21
48 27
48 29
48 33
48 39
48 41
48 45
49 0
49 1
49 4
49 6
49 8
49 10
49 12
49 17
49 25
49 26
49 31
49 32
49 34
49 37
49 41
50 3
50 6
50 20
50 21
50 35
50 36
50 42
50 44
50 45
51 1
51 3
51 8
51 12
51 14
51 16
51 25
51 28
51 31
51 32
51 33
51 36
51 38
51 43
51 46
51 48
52 2
52 7
52 10
52 15
52 22
52 25
52 26
52 28
52 36
52 43
52 45
52 47
52 51
53 3
53 8
53 13
53 14
53 16
53 26
53 27
53 33
53 36
54 0
54 1
54 4
54 5
54 6
54 19
54 20
54 23
54 28
54 30
54 32
54 33
54 34
54 43
54 49
54 52
54 53
55 14
55 15
55 17
55 18
55 19
55 27
55 33
55 37
55 48
55 51
56 3
56 4
56 6
56 14
56 18
56 23
56 24
56 25
56 26
56 42
56 43
56 46
56 51
56 52
56 53
56 54
57 16
57 18
57 25
57 28
57 34
57 42
57 44
57 45
57 48
57 49
57 51
57 55
57 56
58 5
58 7
58 9
58 16
58 17
58 25
58 32
58 36
58 37
58 40
58 42
58 43
58 45
58 49
58 53
58 57
59 5
59 6
59 16
59 20
59 22
59 29
59 40
59 43
59 46
59 49
59 53
59 55
59 57
59 58
60 4
60 8
60 10
60 12
60 15
60 19
60 20
60 22
60 30
60 34
60 35
60 51
60 53
60 57
61 19
61 22
61 29
61 32
61 33
61 38
61 41
61 44
61 45
61 48
61 51
61 53
61 56
61 60
62 1
62 3
62 6
62 7
62 9
62 16
62 21
62 22
62 23
62 24
62 25
62 28
62 35
62 36
62 43
62 46
62 50
62 52
62 53
62 54
62 56
62 57
62 58
62 60
63 5
63 6
63 10
63 11
63 15
63 19
63 30
63 32
63 34
63 46
63 51
63 57
63 60
64 0
64 14
64 15
64 19
64 28
64 30
64 32
64 35
64 39
64 40
64 42
64 45
64 46
64 48
64 50
64 53
64 54
64 60
64 61
65 2
65 12
65 13
65 14
65 16
65 19
65 20
65 24
65 25
65 35
65 48
65 49
65 52
65 58
65 61
65 63
66 3
66 7
66 14
66 17
66 18
66 21
66 25
66 31
66 33
66 34
66 35
66 37
66 39
66 42
66 45
66 48
66 49
66 56
66 57
66 58
66 62
66 63
66 64
66 65
67 6
67 12
67 16
67 21
67 25
67 27
67 29
67 32
67 33
67 34
67 40
67 43
67 44
67 45
67 46
67 47
67 49
67 53
67 55
68 17
68 19
68 23
68 27
68 34
68 41
68 48
68 49
68 50
68 56
68 58
68 61
68 63
68 64
68 65
68 66
69 0
69 2
69 3
69 19
69 30
69 33
69 34
69 36
69 39
69 42
69 44
69 48
69 49
69 53
69 58
69 68
70 3
70 10
70 11
70 22
70 27
70 33
70 38
70 39
70 40
70 48
70 52
70 63
70 68
70 69
71 11
71 13
71 14
71 21
71 26
71 27
71 34
71 35
71 40
71 41
71 45
71 47
71 51
71 53
71 54
71 58
71 59
71 60
71 65
71 68
71 69
71 70
72 2
72 3
72 11
72 29
72 30
72 31
72 35
72 38
72 41
72 45
72 47
72 49
72 51
72 55
72 59
72 63
73 4
73 5
73 10
73 18
73 24
73 29
73 32
73 33
73 35
73 44
73 50
73 53
73 56
73 57
73 59
73 60
73 63
74 6
74 10
74 12
74 14
74 17
74 19
74 21
74 27
74 38
74 39
74 42
74 45
74 54
74 58
74 62
74 63
74 69
74 70
