85
340
3 1
3 2
4 0
8 2
10 2
11 6
12 1
12 4
13 2
15 1
15 3
16 10
17 10
20 14
21 4
21 17
22 11
22 16
23 1
23 3
23 12
23 17
23 18
23 21
24 6
25 21
26 1
26 9
26 24
27 3
27 6
27 17
28 4
28 12
28 21
29 2
29 13
30 15
30 26
32 2
32 3
32 6
32 9
32 10
32 19
32 20
32 22
33 0
33 23
34 7
34 9
34 10
34 24
34 29
34 33
35 1
35 7
35 8
35 12
35 15
35 18
35 19
35 26
36 1
36 9
36 25
36 33
37 8
37 11
37 24
37 35
38 5
38 14
38 22
38 28
38 29
38 35
39 0
39 13
40 12
40 14
40 26
40 30
40 36
41 0
41 35
41 39
42 26
43 2
43 7
43 9
43 28
44 9
44 17
44 32
44 33
45 2
45 7
45 29
46 17
46 18
46 33
47 8
47 14
47 20
47 25
47 27
47 41
47 42
48 9
48 14
48 16
48 20
48 27
48 42
48 47
49 5
49 9
49 37
49 41
50 10
50 12
50 22
50 23
50 41
51 10
51 14
51 15
51 17
51 34
52 10
52 14
52 32
52 36
52 37
52 41
52 50
53 6
53 11
53 17
54 4
54 6
54 9
54 25
54 33
54 40
54 53
55 0
55 26
55 39
56 10
56 24
56 36
56 39
56 45
56 49
57 2
57 28
57 30
57 37
58 5
58 6
58 42
58 50
59 2
59 21
59 44
59 45
59 52
59 55
59 58
60 19
60 31
60 36
61 7
61 22
61 35
62 8
62 17
62 24
62 44
63 12
63 18
63 21
63 30
63 36
63 39
63 40
63 43
63 45
63 49
63 57
63 62
64 0
64 1
64 2
64 6
64 10
64 16
64 19
64 30
64 42
64 48
65 4
65 7
65 36
66 1
66 33
66 34
66 35
66 50
66 52
67 9
67 22
67 25
67 31
67 42
67 51
67 59
67 66
68 32
68 57
68 61
68 67
69 5
69 12
69 18
69 23
69 40
69 43
69 44
69 55
70 20
70 27
70 28
70 30
70 48
70 55
71 5
71 14
71 15
71 39
71 52
71 66
71 70
72 0
72 15
72 25
72 40
72 68
73 34
73 42
73 43
73 55
73 60
73 61
73 70
74 12
74 37
74 50
74 62
74 70
75 14
75 37
75 43
75 46
75 54
75 70
76 14
76 18
76 27
76 42
76 47
76 60
76 74
77 0
77 3
77 10
77 61
77 75
78 13
78 14
78 20
78 26
78 27
78 64
78 66
78 72
79 0
79 8
79 16
79 27
79 29
79 34
79 37
79 55
79 56
79 61
79 65
79 70
79 71
80 11
80 13
80 17
80 21
80 28
80 31
80 42
80 47
80 48
80 56
80 58
80 62
81 15
81 23
81 29
81 44
81 48
81 50
81 75
82 5
82 9
82 13
82 28
82 29
82 38
82 53
82 62
82 75
83 20
83 34
83 35
83 42
83 69
83 76
84 22
84 47
84 51
84 71
84 73
