45
180
1 0
2 1
3 2
4 0
6 0
7 4
7 5
7 6
8 0
8 3
8 5
8 6
9 6
9 7
10 4
12 1
12 2
12 4
12 11
13 0
13 8
14 4
15 4
15 7
15 10
15 12
16 3
16 4
16 5
17 4
18 1
18 16
20 6
20 7
20 8
20 16
20 17
20 19
21 0
21 1
21 10
21 11
21 15
21 17
22 0
22 9
22 10
22 15
22 16
22 18
23 4
23 13
24 0
24 9
24 18
24 19
25 3
25 8
25 13
25 19
25 20
25 24
26 3
26 9
26 13
26 24
27 6
27 7
27 9
27 13
27 21
27 24
27 26
28 6
28 9
29 0
29 10
29 17
29 28
30 2
30 5
30 7
30 9
30 25
30 26
30 28
31 0
31 3
31 12
31 13
31 23
32 1
32 5
32 18
32 19
32 22
32 24
33 14
33 15
33 18
33 31
34 3
34 6
34 18
34 24
34 30
35 1
35 4
35 5
35 6
35 34
36 0
36 3
36 5
36 6
36 17
36 18
36 20
36 22
36 28
37 11
37 12
37 13
37 17
38 2
38 3
38 9
38 16
38 17
38 18
38 20
38 26
38 27
38 35
39 0
39 5
39 14
39 19
39 23
39 28
39 32
39 33
40 0
40 13
40 22
40 23
40 31
41 1
41 4
41 9
41 13
41 18
41 21
41 22
41 29
41 31
42 9
42 13
42 17
42 21
42 25
42 28
42 29
42 34
42 37
43 4
43 5
43 11
43 12
43 17
43 20
43 21
43 25
43 39
44 1
44 3
44 13
44 31
44 37
44 38
