55
385
2 0
4 1
7 6
8 3
8 6
9 0
9 6
9 7
10 1
11 2
11 4
11 6
13 1
13 5
13 7
13 8
13 10
14 7
14 10
14 13
15 1
15 2
15 4
15 11
15 12
16 1
16 7
16 12
16 13
16 15
17 1
17 12
17 15
18 2
18 4
18 5
18 9
18 13
18 17
19 2
19 6
19 8
19 9
19 12
19 13
19 18
20 5
20 6
20 9
20 16
21 1
21 8
21 17
21 19
21 20
22 9
22 11
22 17
23 3
23 5
23 6
23 8
23 11
23 20
23 21
24 0
24 3
24 5
24 6
24 10
24 11
24 19
24 23
25 6
25 8
25 10
26 0
26 12
26 14
26 15
26 16
26 18
26 20
26 21
26 22
26 23
26 24
27 0
27 2
27 3
27 8
27 15
27 22
28 4
28 5
28 8
28 17
28 20
28 24
28 25
29 4
29 6
29 7
29 8
29 14
29 25
30 1
30 2
30 4
30 7
30 15
30 16
30 19
31 6
31 9
31 11
31 15
31 24
31 25
32 8
32 13
32 14
32 31
33 1
33 3
33 7
33 12
33 19
33 22
33 27
33 31
33 32
34 0
34 2
34 4
34 5
34 13
34 16
34 18
34 20
34 23
34 26
34 31
34 32
35 0
35 1
35 4
35 8
35 11
35 13
35 14
35 17
35 19
35 20
35 23
35 30
36 2
36 3
36 4
36 12
36 14
36 18
36 23
36 26
36 27
36 30
36 33
37 1
37 2
37 5
37 8
37 13
37 16
37 24
37 25
37 26
38 2
38 4
38 7
38 9
38 10
38 13
38 25
38 27
38 28
38 30
38 32
38 37
39 1
39 3
39 4
39 5
39 7
39 8
39 9
39 11
39 15
39 22
39 28
39 36
39 38
40 4
40 7
40 9
40 17
40 20
40 28
40 34
40 36
41 3
41 11
41 14
41 17
41 23
41 26
41 27
41 28
41 39
42 1
42 4
42 7
42 8
42 12
42 16
42 19
42 28
42 33
42 38
42 39
43 1
43 11
43 12
43 16
43 17
43 21
43 22
43 24
43 25
43 26
43 29
43 31
43 32
43 33
44 4
44 8
44 10
44 13
44 14
44 17
44 23
44 26
44 40
45 1
45 10
45 16
45 18
45 23
45 29
45 32
45 38
46 4
46 7
46 8
46 11
46 12
46 16
46 24
46 25
46 27
46 30
46 44
46 45
47 1
47 8
47 14
47 16
47 18
47 21
47 28
47 29
47 33
47 34
47 39
47 40
47 44
48 2
48 6
48 7
48 9
48 10
48 12
48 13
48 16
48 21
48 22
48 26
48 29
48 31
48 33
48 39
48 42
48 43
49 3
49 5
49 11
49 20
49 24
49 26
49 32
49 33
49 37
49 38
49 42
50 0
50 1
50 4
50 6
50 7
50 8
50 13
50 14
50 24
50 31
50 34
50 35
50 37
50 39
51 0
51 6
51 7
51 9
51 11
51 13
51 15
51 21
51 22
51 27
51 32
51 37
51 38
51 43
51 44
51 48
51 50
52 0
52 2
52 3
52 5
52 6
52 8
52 17
52 19
52 22
52 25
52 34
52 44
52 45
52 46
52 47
53 5
53 7
53 9
53 13
53 14
53 25
53 28
53 31
53 36
53 42
53 46
53 48
53 50
54 0
54 5
54 14
54 15
54 16
54 18
54 22
54 25
54 27
54 33
54 37
54 43
54 45
