80
240
5 0
6 2
7 1
8 0
8 4
9 1
9 8
10 3
11 10
13 6
14 2
14 7
15 8
15 10
15 11
17 0
17 8
17 11
18 8
18 17
19 6
19 8
20 10
20 12
20 14
20 15
21 3
21 17
22 3
22 8
22 15
22 18
23 14
23 19
24 20
25 2
26 8
26 13
26 19
26 24
27 23
28 0
28 21
29 26
30 10
30 18
30 19
31 5
31 19
32 1
32 6
32 12
32 16
32 25
32 26
32 30
33 4
33 13
34 5
34 16
34 28
35 4
36 15
36 17
37 1
37 9
37 10
38 11
38 31
39 19
39 27
39 29
40 3
40 16
40 31
40 34
43 10
43 18
43 31
44 9
44 20
44 21
44 41
44 43
45 8
45 11
45 14
45 34
45 36
45 42
46 2
46 4
46 11
46 39
47 4
47 16
47 29
48 10
48 13
48 17
48 22
48 26
48 33
48 36
48 43
49 12
49 18
49 31
49 32
49 36
50 16
50 18
50 47
51 22
51 49
52 9
52 38
53 13
53 37
53 41
53 46
54 9
55 4
55 48
56 3
56 26
56 34
56 46
57 9
57 17
57 30
57 40
57 48
57 49
58 4
58 7
58 26
58 30
58 31
58 54
58 55
59 2
59 35
59 43
59 51
59 56
60 12
60 16
60 25
60 50
61 8
61 15
61 35
61 44
62 8
62 23
62 29
62 42
63 4
63 8
63 40
63 49
63 56
64 13
64 19
64 34
64 46
64 61
65 19
65 26
65 28
65 37
66 33
66 45
66 46
66 53
67 25
67 37
67 39
67 43
67 45
68 8
68 28
68 36
68 51
68 66
69 10
69 13
70 14
70 19
71 11
71 32
71 48
71 67
71 70
72 2
72 3
72 37
72 55
73 0
73 65
74 0
74 31
74 59
74 69
74 70
75 26
75 31
75 32
75 39
75 40
75 43
75 45
75 64
76 1
76 6
76 14
76 15
76 58
77 14
77 15
77 19
77 40
77 41
77 52
77 61
77 65
78 2
78 19
78 25
78 26
78 32
78 63
78 74
79 8
79 9
79 49
79 51
79 65
79 73
