100
500
3 0
7 5
8 5
10 6
10 9
11 2
11 6
12 2
12 3
12 9
13 2
14 2
14 3
14 5
14 10
15 0
15 4
16 7
16 14
17 2
17 3
17 8
17 11
18 6
18 10
18 11
18 12
20 13
20 15
21 0
21 1
22 0
22 2
22 11
23 0
24 6
24 7
24 17
25 9
25 17
25 22
26 8
26 10
27 5
27 9
27 14
27 15
27 17
28 12
28 18
28 20
29 1
30 4
30 9
30 14
30 21
30 26
31 13
31 15
31 21
31 23
31 26
32 0
32 3
32 4
32 7
32 22
32 23
33 22
34 22
34 30
35 1
35 2
35 3
35 30
36 20
36 28
37 2
37 9
37 10
37 15
37 19
37 30
39 12
39 19
39 23
39 25
40 0
40 6
40 24
40 25
40 30
41 12
41 26
41 28
41 34
42 15
42 18
42 20
42 28
42 30
42 33
42 36
43 6
43 15
43 27
43 29
44 13
44 23
44 29
44 32
45 12
45 33
45 38
45 41
46 4
46 31
46 32
47 30
47 41
47 46
48 0
48 17
48 25
48 38
48 47
49 21
49 35
49 47
50 14
50 15
50 17
50 31
50 32
50 36
50 44
51 1
51 3
51 9
51 27
51 43
51 47
52 14
52 32
52 33
52 37
52 48
53 12
53 34
53 35
53 43
54 26
54 27
54 35
54 51
55 3
55 7
55 13
55 41
55 43
56 7
56 19
56 22
56 27
56 40
56 44
56 53
56 55
57 38
57 48
57 49
58 9
58 14
58 23
58 36
58 41
59 1
59 8
59 28
59 30
59 31
60 12
60 15
60 16
60 17
60 48
60 54
61 1
61 27
61 43
61 56
61 57
62 3
62 23
62 57
62 61
63 1
63 2
63 4
63 21
63 22
63 37
63 38
63 52
63 53
63 58
64 7
64 24
65 2
65 6
65 14
65 16
65 28
65 45
65 49
65 62
66 5
66 7
66 19
66 21
66 27
66 32
66 44
66 55
66 64
67 16
67 40
67 55
67 61
68 3
68 7
68 43
68 45
68 50
68 51
68 55
68 66
69 2
69 6
69 13
69 15
69 24
69 35
69 43
69 45
69 48
69 59
69 62
69 66
70 1
70 22
70 28
70 34
70 38
70 39
70 46
70 64
71 12
71 27
71 37
71 43
71 48
71 63
71 65
72 27
72 29
72 38
72 51
73 4
73 6
73 25
73 30
73 32
73 66
74 10
74 11
74 16
74 17
74 39
74 58
74 60
74 70
74 72
75 7
75 8
75 15
75 17
75 21
75 37
75 48
75 50
75 71
75 73
76 0
76 7
76 12
76 15
76 31
76 39
76 64
77 1
77 11
77 21
77 31
77 50
77 60
78 6
78 32
78 39
78 45
78 52
78 66
79 1
79 9
79 14
79 23
79 39
79 45
79 52
79 55
79 57
79 71
79 73
79 76
80 10
80 18
80 34
80 39
80 48
80 55
80 68
81 4
81 12
81 20
81 57
81 72
82 9
82 15
82 16
82 23
82 28
82 43
82 58
82 60
82 78
83 4
83 6
83 11
83 22
83 27
83 28
83 38
83 42
83 45
83 48
83 56
83 68
83 74
83 78
83 79
84 1
84 2
84 9
84 22
84 28
84 30
84 33
84 69
84 72
85 13
85 17
85 20
85 21
85 25
85 26
85 33
85 47
85 48
86 5
86 8
86 12
86 13
86 16
86 19
86 29
86 34
86 52
86 62
86 63
86 68
87 11
87 29
87 43
87 51
88 2
88 11
88 16
88 22
88 30
88 43
88 55
88 60
88 81
88 82
88 84
89 1
89 16
89 18
89 26
89 30
89 48
89 56
89 58
89 75
89 77
89 85
90 0
90 3
90 8
90 18
90 19
90 41
90 48
90 59
91 17
91 23
91 30
91 33
91 52
91 63
91 75
92 14
92 19
92 28
92 40
92 58
92 60
92 64
92 78
92 91
93 9
93 35
93 41
93 44
93 51
93 92
94 9
94 13
94 14
94 15
94 33
94 42
94 79
95 4
95 10
95 19
95 20
95 22
95 32
95 44
95 57
95 62
95 70
95 76
95 88
96 2
96 7
96 55
96 66
96 69
96 75
96 83
97 13
97 18
97 38
97 71
97 75
97 77
97 82
97 86
98 4
98 13
98 37
98 43
98 49
98 55
98 60
98 65
98 75
98 80
98 86
98 96
99 9
99 15
99 17
99 31
99 63
99 72
99 80
99 91
