80
200
8 0
12 7
13 9
13 10
15 4
17 4
18 2
19 4
20 2
22 5
22 11
22 16
23 13
23 20
24 4
24 12
25 14
26 20
27 1
27 4
28 4
28 11
29 16
30 26
31 9
31 13
31 20
31 25
32 19
33 22
34 22
34 30
35 0
35 6
35 15
37 1
37 17
39 1
39 2
39 21
40 0
40 7
40 33
41 3
41 16
41 19
41 39
42 7
42 26
42 28
43 22
44 23
45 20
46 16
47 4
47 12
48 9
48 16
48 19
48 25
48 32
48 45
49 12
49 29
49 37
49 45
50 7
50 18
50 33
50 34
50 36
50 37
50 38
50 41
50 45
51 3
51 50
52 5
52 28
52 35
52 49
53 7
53 11
53 25
53 43
54 5
54 52
55 0
55 8
55 20
56 14
56 28
56 31
56 47
57 18
57 25
57 44
58 6
58 40
58 49
58 53
59 16
59 20
59 27
59 39
59 43
60 27
60 43
61 4
61 20
61 26
61 56
61 59
62 3
62 11
62 12
62 24
62 50
62 51
63 4
63 7
63 13
63 20
63 32
63 35
63 37
63 39
63 47
64 17
64 23
64 27
64 30
65 14
65 25
65 26
66 10
66 14
66 15
66 32
66 34
66 35
66 55
67 19
67 30
67 49
67 52
68 34
68 39
68 50
68 67
69 2
69 13
69 44
69 48
69 55
69 65
70 2
70 20
70 38
70 50
70 51
71 2
71 8
71 21
71 33
71 39
71 66
71 70
72 40
72 67
72 68
73 21
73 25
73 40
73 52
74 21
74 25
74 27
74 33
74 39
74 55
74 63
74 67
75 10
75 11
75 18
75 55
76 0
76 9
76 36
77 38
77 39
77 40
77 48
77 49
77 50
78 43
78 48
78 64
79 24
