90
270
4 2
6 3
6 4
8 1
8 5
9 7
10 3
11 3
11 10
13 0
14 11
16 5
16 7
16 9
17 7
18 6
18 11
19 1
19 7
22 2
22 13
23 1
23 13
23 14
23 21
24 4
25 20
26 13
27 11
27 23
29 0
29 7
30 16
32 0
32 8
33 7
33 19
33 25
33 29
33 31
34 1
34 5
34 28
34 31
34 33
35 8
36 27
37 14
37 22
39 2
39 11
39 16
39 21
39 31
40 5
40 9
40 24
40 34
41 17
41 24
41 33
42 17
42 28
42 31
43 10
43 35
43 41
44 30
44 37
44 38
45 12
45 14
45 38
46 22
46 32
47 13
47 17
47 19
47 24
47 36
47 45
48 8
48 14
48 15
48 27
48 29
48 38
49 1
49 6
49 30
50 21
50 28
50 36
51 23
51 25
51 27
51 44
52 7
52 12
52 29
52 44
52 49
53 0
53 8
53 10
53 12
53 20
53 26
53 40
53 43
54 0
54 8
54 26
54 52
55 12
55 25
55 29
55 48
56 22
56 23
56 30
57 17
58 0
58 6
58 20
58 22
58 39
58 43
59 8
59 28
59 33
59 53
59 58
60 8
60 37
61 16
61 31
61 41
61 47
61 54
62 8
62 48
63 21
63 24
63 39
63 62
64 14
64 48
64 50
65 31
65 34
65 40
66 15
66 21
66 44
67 9
67 31
67 52
67 57
68 31
68 34
68 44
69 3
69 57
69 61
70 19
70 21
70 31
70 47
70 48
70 60
70 63
70 65
71 22
71 37
71 46
71 52
72 13
72 23
72 34
72 57
72 65
72 70
73 33
73 43
73 50
74 19
74 20
74 22
74 24
74 42
74 61
74 66
75 10
75 40
75 45
75 62
76 20
76 34
76 53
76 57
76 70
76 73
76 74
77 1
77 7
77 17
78 16
78 29
79 6
79 8
79 12
79 62
80 3
80 6
80 14
80 34
80 49
80 72
81 22
81 28
81 33
81 38
81 43
82 37
82 48
82 51
82 65
82 69
83 13
83 17
83 19
83 47
84 52
84 58
84 67
84 82
85 4
85 52
85 54
85 80
86 3
86 6
86 19
86 31
86 50
86 53
86 70
86 75
87 1
87 11
87 33
87 36
87 43
87 45
87 61
88 4
88 7
88 20
88 21
88 62
88 71
88 81
89 3
89 39
89 53
89 60
89 73
89 80
89 87
