80
320
2 0
5 2
6 0
6 2
7 0
9 2
9 5
11 1
14 7
15 4
15 14
16 5
16 6
16 12
17 0
17 3
17 11
18 11
19 13
20 0
20 3
21 14
22 5
22 9
23 4
25 2
25 6
25 12
25 15
25 19
26 17
26 19
27 25
28 1
28 22
29 0
29 2
29 3
29 8
29 9
29 26
30 0
30 1
30 15
30 16
30 17
30 20
31 3
31 11
31 12
31 23
31 30
32 10
32 15
32 31
34 0
34 9
34 12
34 33
35 2
35 25
35 27
35 31
36 0
36 6
36 8
36 10
36 12
36 24
37 4
37 24
38 1
38 12
39 0
39 5
39 10
39 15
39 19
39 23
40 15
40 29
40 32
40 35
41 26
41 27
41 35
42 17
42 33
42 35
42 41
43 3
43 14
44 7
44 10
44 25
44 26
45 15
45 24
45 27
46 7
46 12
46 32
46 33
46 36
46 37
47 18
47 34
48 3
48 7
48 20
48 21
48 24
48 25
49 16
49 17
49 20
49 30
49 41
50 3
50 4
50 9
50 26
51 5
51 23
51 25
51 36
51 47
51 50
52 2
52 12
52 22
52 32
52 38
52 45
52 50
53 15
53 41
54 0
54 3
54 18
54 24
54 46
54 49
54 52
55 11
55 15
55 17
55 29
55 30
55 47
56 0
56 1
56 4
56 15
56 18
56 24
56 37
57 1
57 18
57 32
57 41
57 46
57 48
58 4
58 7
58 9
58 10
58 12
58 14
58 17
58 19
58 33
58 35
58 47
59 7
59 10
59 17
59 25
59 43
59 49
59 50
59 54
60 7
60 23
60 25
60 28
60 33
61 22
61 27
61 31
61 40
61 41
62 3
62 13
62 37
62 52
63 2
63 3
63 7
63 9
63 11
63 16
63 25
63 58
63 60
64 0
64 7
64 26
64 39
64 43
64 52
64 61
65 18
65 24
65 27
65 40
65 51
65 60
66 2
66 6
66 14
66 24
67 3
67 7
67 9
67 55
67 65
68 5
68 12
68 14
68 15
68 24
68 41
68 47
68 52
68 58
69 6
69 28
69 31
69 50
69 51
70 26
70 50
70 52
70 60
71 4
71 21
71 22
71 23
71 53
71 54
71 57
71 58
71 70
72 2
72 29
72 43
72 46
72 48
72 54
72 66
72 67
72 68
73 8
73 10
73 24
73 33
73 42
73 57
73 64
74 22
74 31
74 34
74 57
74 65
75 9
75 27
75 45
75 67
76 7
76 19
76 21
76 23
76 24
76 26
76 32
76 34
76 38
76 61
76 64
76 69
76 74
77 5
77 8
77 13
77 19
77 34
77 42
77 43
77 46
77 58
77 69
77 71
78 12
78 13
78 31
78 37
78 40
78 50
78 63
78 69
78 74
78 75
79 6
79 25
79 42
79 47
79 53
79 57
79 59
