75
650
9 4
9 5
9 8
10 0
11 1
11 8
12 7
13 1
13 2
13 7
13 12
14 3
14 5
15 2
15 3
15 11
15 14
16 5
17 0
17 2
17 4
17 7
17 9
17 10
17 12
17 16
18 3
18 5
18 11
18 14
19 1
19 7
19 10
19 13
19 18
20 0
20 6
20 10
20 14
20 16
21 4
22 0
22 2
22 4
22 7
22 13
22 15
22 16
22 18
23 0
23 3
23 4
23 9
23 13
23 17
23 21
24 4
24 7
24 8
24 11
24 12
24 16
24 18
24 19
25 1
25 2
25 21
25 24
26 6
26 10
26 11
26 16
26 19
26 21
26 22
27 1
27 3
27 4
27 7
27 15
27 22
28 0
28 11
28 14
29 4
29 7
29 9
29 13
29 15
29 16
29 19
29 24
29 26
30 2
30 4
30 6
30 7
30 13
30 17
30 18
30 21
30 23
30 24
30 25
30 29
31 1
31 5
31 6
31 8
31 9
31 12
31 21
31 23
31 26
31 27
31 28
31 29
32 5
32 11
32 15
32 23
32 27
33 3
33 7
33 15
33 21
33 22
33 28
33 31
33 32
34 2
34 3
34 6
34 14
34 18
34 19
34 20
34 24
34 25
34 32
35 0
35 5
35 6
35 8
35 11
35 12
35 14
35 24
35 27
35 28
35 32
36 3
36 10
36 15
36 16
36 17
36 18
36 23
36 27
36 28
36 33
36 35
37 1
37 24
38 11
38 17
38 20
38 26
38 27
38 30
38 33
38 35
39 0
39 5
39 19
39 23
39 33
39 34
39 37
40 4
40 6
40 14
40 15
40 22
40 24
40 28
40 35
41 2
41 3
41 7
41 8
41 19
41 30
41 34
41 38
42 9
42 11
42 17
42 34
42 39
42 40
42 41
43 4
43 8
43 12
43 16
43 17
43 18
43 19
43 24
43 25
43 26
43 29
43 31
43 37
44 1
44 2
44 4
44 5
44 7
44 8
44 10
44 12
44 13
44 14
44 16
44 18
44 21
44 23
44 24
44 25
44 31
44 33
45 0
45 2
45 7
45 11
45 19
45 20
45 23
45 27
45 31
45 43
46 3
46 9
46 14
46 15
46 17
46 22
46 24
46 32
46 40
46 41
46 42
47 3
47 5
47 6
47 10
47 11
47 13
47 23
47 38
47 46
48 2
48 7
48 10
48 21
48 23
48 30
48 35
48 37
48 43
49 0
49 2
49 9
49 13
49 16
49 19
49 20
49 30
49 34
49 37
49 38
49 40
49 41
49 42
49 46
50 33
50 34
50 35
50 36
50 39
50 40
50 44
50 47
51 0
51 5
51 7
51 10
51 16
51 17
51 24
51 26
51 28
51 30
51 32
51 43
51 45
51 46
51 49
52 1
52 4
52 9
52 11
52 14
52 16
52 22
52 26
52 31
52 34
52 35
52 38
52 46
52 49
53 0
53 2
53 7
53 13
53 17
53 23
53 24
53 25
53 26
53 30
53 50
53 51
54 0
54 1
54 2
54 4
54 5
54 9
54 18
54 24
54 29
54 33
54 39
54 45
54 50
55 5
55 14
55 26
55 27
55 37
55 38
55 52
56 16
56 17
56 21
56 24
56 28
56 29
56 32
56 34
56 39
56 49
57 0
57 4
57 9
57 13
57 26
57 35
57 38
57 44
57 50
57 56
58 5
58 9
58 10
58 14
58 20
58 27
58 32
58 33
58 40
58 42
58 50
58 53
58 54
58 57
59 3
59 12
59 13
59 15
59 16
59 19
59 21
59 22
59 25
59 36
59 42
59 49
59 56
60 1
60 9
60 10
60 19
60 20
60 21
60 25
60 30
60 31
60 34
60 41
60 52
61 1
61 4
61 8
61 11
61 13
61 14
61 21
61 26
61 27
61 38
61 40
61 41
61 42
61 45
61 49
61 54
61 56
61 59
61 60
62 10
62 14
62 23
62 28
62 30
62 33
62 34
62 39
62 40
62 44
62 45
62 46
62 49
62 52
62 54
62 55
62 60
62 61
63 5
63 6
63 15
63 16
63 17
63 21
63 30
63 34
63 38
63 42
63 44
63 48
63 56
63 60
64 4
64 5
64 9
64 15
64 17
64 18
64 21
64 23
64 30
64 33
64 34
64 37
64 39
64 41
64 43
64 55
64 59
64 61
64 62
65 1
65 8
65 12
65 23
65 27
65 28
65 29
65 38
65 39
65 44
65 47
65 48
65 52
65 55
65 56
66 11
66 15
66 24
66 27
66 30
66 36
66 37
66 42
66 43
66 46
66 48
66 50
66 58
66 60
67 1
67 3
67 5
67 10
67 19
67 22
67 24
67 26
67 34
67 35
67 36
67 37
67 40
67 42
67 43
67 44
67 51
67 54
67 55
67 57
67 59
67 61
68 10
68 14
68 19
68 22
68 24
68 26
68 31
68 34
68 37
68 38
68 46
68 48
68 51
68 52
68 54
68 63
69 7
69 13
69 15
69 17
69 22
69 23
69 31
69 32
69 43
69 52
69 53
69 62
70 7
70 11
70 20
70 23
70 29
70 33
70 37
70 39
70 40
70 41
70 43
70 48
70 52
70 56
70 57
70 60
70 66
71 0
71 2
71 6
71 9
71 15
71 25
71 27
71 32
71 41
71 53
71 60
71 61
71 69
72 3
72 4
72 5
72 10
72 12
72 13
72 24
72 26
72 30
72 32
72 35
72 37
72 38
72 40
72 42
72 43
72 47
72 51
72 52
72 58
72 62
72 67
72 70
73 3
73 5
73 7
73 10
73 13
73 18
73 21
73 24
73 25
73 30
73 33
73 34
73 35
73 36
73 41
73 44
73 50
73 53
73 57
73 66
74 0
74 2
74 12
74 15
74 19
74 22
74 25
74 38
74 47
74 49
74 52
74 53
74 61
