100
300
11 10
12 2
12 9
12 11
15 6
15 8
17 10
19 10
20 9
22 10
23 14
23 21
24 2
24 16
25 2
25 11
25 18
26 12
26 14
27 1
27 19
27 25
28 12
28 21
29 15
29 20
30 24
32 20
33 6
33 20
33 25
33 28
35 4
35 26
36 33
37 1
37 8
37 13
37 36
38 20
38 28
38 29
39 18
39 21
39 22
40 20
41 2
41 34
41 35
42 13
42 29
42 37
42 40
43 19
43 30
43 33
44 7
44 20
44 28
45 8
45 34
46 6
46 14
46 29
47 0
47 9
47 34
47 41
48 39
49 20
49 23
49 31
50 42
50 45
51 9
51 10
51 13
51 27
51 38
51 44
52 20
52 21
52 24
52 31
53 11
53 14
53 29
53 42
54 20
54 42
54 44
54 49
55 6
55 51
56 20
56 30
57 32
57 44
57 47
57 50
58 9
58 22
58 27
58 37
59 5
59 14
59 46
60 3
60 14
61 0
61 10
61 35
61 40
61 42
62 23
62 32
62 35
63 3
63 20
63 24
63 28
64 7
64 19
64 26
64 39
64 45
64 48
64 56
65 21
65 28
65 34
66 0
66 7
66 28
66 35
66 46
66 51
66 55
67 20
67 57
68 1
68 18
68 59
68 63
69 19
69 23
69 26
69 40
69 44
69 58
70 14
70 16
70 22
70 33
70 36
70 37
70 39
70 40
70 46
70 54
70 65
71 6
71 8
71 44
72 3
72 23
72 33
72 67
72 68
73 9
73 15
73 62
74 10
74 41
74 45
74 47
75 6
75 8
75 15
75 57
76 0
76 75
77 2
78 0
78 17
78 25
78 35
78 72
79 19
79 33
79 43
79 50
79 69
80 4
80 35
80 46
80 66
81 16
81 26
81 37
81 77
82 9
82 12
82 28
82 60
83 11
83 70
83 81
84 5
84 16
84 31
84 47
84 49
84 75
85 71
86 4
86 47
86 54
86 65
86 71
87 25
87 39
87 60
87 63
87 64
87 66
88 8
88 10
88 23
88 24
88 27
88 34
88 49
88 78
89 6
89 8
89 52
89 65
89 66
89 81
89 84
90 10
90 16
90 19
90 33
90 47
90 59
90 89
91 7
91 33
91 37
91 44
91 59
92 13
92 25
92 62
92 71
92 76
93 23
93 47
93 57
93 74
93 77
93 88
93 92
94 0
94 2
94 21
94 28
94 59
94 76
94 78
94 92
95 6
95 17
95 41
95 49
95 61
95 87
96 0
96 8
96 16
97 8
97 35
97 37
97 93
98 9
98 24
98 26
99 0
99 2
99 4
99 11
99 12
99 15
99 20
99 61
99 67
99 77
99 96
