55
330
1 0
3 0
4 2
5 1
6 3
7 0
8 4
8 7
9 2
9 5
9 6
10 2
10 6
10 7
10 8
11 0
11 5
11 8
11 10
12 1
12 2
12 5
12 8
12 9
12 10
13 0
13 10
14 3
14 4
14 5
14 6
14 8
15 13
16 3
16 7
16 8
16 10
17 4
17 15
18 0
18 9
18 15
20 1
20 2
20 6
20 7
20 8
20 9
20 13
20 19
21 1
21 6
21 19
21 20
22 3
22 6
22 12
22 19
22 20
23 0
23 1
23 12
23 18
24 4
24 11
24 13
24 15
24 19
24 23
25 2
25 7
25 9
25 10
25 12
25 13
26 2
26 9
26 16
26 22
26 24
27 1
27 2
27 6
27 11
27 18
27 19
27 21
27 26
28 1
28 5
28 10
28 13
28 15
28 19
28 20
28 21
28 26
29 1
29 4
29 9
29 11
29 17
30 4
30 7
30 13
30 15
30 20
31 0
31 16
31 19
32 4
32 10
32 15
32 17
32 19
32 20
32 24
32 31
33 0
33 2
33 8
33 9
33 31
34 1
34 2
34 8
34 9
34 11
34 12
34 17
34 21
34 27
35 7
35 12
35 23
36 0
36 11
36 13
36 18
36 21
36 27
36 31
36 34
36 35
37 9
37 12
37 16
37 20
37 25
37 28
37 30
37 32
38 5
38 12
38 14
38 15
38 21
38 22
38 31
38 33
38 37
39 9
39 10
39 24
39 26
39 35
40 3
40 6
40 8
40 9
40 10
40 11
40 12
40 14
40 15
40 32
40 37
40 39
41 2
41 4
41 9
41 16
41 17
41 18
41 22
41 26
41 31
41 32
41 33
42 2
42 13
42 15
42 30
42 31
42 32
42 36
42 37
43 0
43 2
43 6
43 10
43 12
43 14
43 16
43 23
43 37
43 42
44 0
44 6
44 11
44 13
44 14
44 19
44 23
44 25
44 37
44 42
45 2
45 8
45 13
45 20
45 42
45 44
46 19
46 22
46 26
46 27
46 34
46 37
46 42
46 45
47 3
47 7
47 10
47 13
47 16
47 18
47 24
47 30
47 34
47 43
47 44
47 45
48 1
48 3
48 6
48 8
48 9
48 20
48 27
48 32
48 39
49 1
49 8
49 9
49 14
49 23
49 27
49 28
49 30
49 33
49 37
49 38
49 40
49 47
49 48
50 1
50 3
50 7
50 8
50 12
50 14
50 17
50 29
50 30
50 31
50 37
50 45
50 46
51 2
51 7
51 9
51 10
51 11
51 15
51 16
51 17
51 19
51 20
51 22
51 33
51 41
51 47
51 48
51 50
52 2
52 4
52 7
52 10
52 20
52 22
52 34
52 43
52 48
52 51
53 1
53 7
53 15
53 18
53 21
53 23
53 28
53 29
53 30
53 33
53 39
53 45
54 0
54 3
54 5
54 21
54 22
54 26
54 30
54 37
54 38
54 42
54 43
54 45
54 48
