60
120
5 0
5 1
7 2
7 3
9 0
12 4
12 6
12 9
13 1
13 7
13 9
14 13
15 1
15 11
18 1
18 4
18 8
18 17
20 3
21 5
22 5
22 6
23 17
23 21
24 15
24 19
25 9
25 17
26 8
26 15
26 23
26 24
27 21
27 22
29 9
29 22
30 7
30 20
30 23
31 25
32 1
33 1
33 20
34 28
34 32
35 19
35 26
35 27
36 28
37 2
37 20
37 21
39 8
39 24
39 29
39 33
40 10
40 21
41 4
41 35
42 1
42 11
42 37
43 5
43 16
43 19
44 8
44 14
45 1
45 3
45 18
46 26
47 15
47 37
48 1
48 18
48 38
49 2
49 16
49 26
49 37
49 43
50 10
50 16
50 36
50 44
51 1
51 19
51 29
51 31
51 36
52 3
52 20
52 23
52 34
53 36
54 21
54 22
54 33
54 34
54 35
54 44
55 7
55 23
55 24
56 10
56 17
56 43
56 49
57 18
57 26
58 3
58 6
58 20
58 51
58 54
59 8
59 17
59 23
59 41
