75
250
1 0
4 1
6 1
9 8
12 7
12 8
13 11
14 1
15 1
16 4
20 16
22 11
22 13
22 16
23 3
23 13
24 3
24 6
25 0
25 2
25 23
26 10
26 23
27 5
27 12
27 17
27 22
27 25
28 1
28 6
28 21
29 7
30 6
30 9
31 23
32 8
32 11
32 15
32 24
33 1
33 18
34 8
34 17
34 22
34 26
34 33
35 26
36 1
36 29
36 31
37 8
37 13
37 22
37 28
37 36
38 3
38 11
39 7
39 18
39 21
39 35
39 37
39 38
40 13
40 16
40 17
40 18
40 23
41 2
41 4
41 13
41 26
41 30
42 6
42 7
42 12
42 19
42 30
42 41
43 25
43 36
44 7
44 16
44 28
44 31
44 36
44 38
45 1
45 13
45 22
45 24
45 34
46 6
46 31
47 6
47 28
47 32
47 36
48 6
48 29
48 30
48 32
48 40
48 41
49 4
49 22
49 24
49 38
49 44
50 8
50 13
50 19
50 24
50 27
50 30
50 36
50 37
51 5
51 10
51 18
51 23
51 31
51 36
51 45
52 29
53 13
53 30
53 36
53 39
54 3
54 5
54 12
54 22
54 27
54 42
54 43
55 20
55 23
55 37
55 50
56 7
56 16
56 25
56 28
56 36
56 47
57 3
57 5
57 12
57 14
57 35
58 55
59 17
59 18
59 22
59 34
59 37
59 40
59 46
59 58
60 1
60 3
60 11
60 17
60 39
60 42
61 0
61 8
61 12
61 18
61 21
61 51
61 52
61 60
62 4
62 29
62 42
63 3
63 4
63 32
63 61
64 5
64 25
64 29
64 34
64 44
64 46
64 56
64 59
64 63
65 0
65 4
65 15
65 16
66 1
66 13
66 53
66 54
66 59
67 9
67 14
67 19
67 31
67 37
67 46
67 57
67 58
67 59
68 5
68 6
68 18
68 20
68 49
68 59
68 63
69 31
69 39
69 49
69 50
69 65
70 44
70 53
70 60
71 3
71 10
71 17
71 25
71 44
71 48
71 53
71 67
72 5
72 8
72 22
72 33
72 43
72 63
73 4
73 16
73 20
73 33
73 35
73 46
73 49
73 62
74 6
74 18
74 22
74 28
74 51
