70
280
2 0
5 4
6 0
7 1
8 5
10 3
11 4
12 0
12 4
12 9
13 11
14 1
14 6
14 13
15 2
15 9
16 0
16 14
17 0
17 3
18 3
18 8
19 3
19 6
20 2
22 2
22 9
22 11
23 13
24 21
24 23
25 0
25 2
25 12
25 13
26 2
26 8
26 15
26 21
26 25
27 2
27 3
27 7
27 12
27 21
28 2
28 6
28 9
28 10
28 21
28 27
29 9
30 3
30 14
30 17
30 21
31 0
31 13
31 26
32 22
32 25
32 29
33 31
34 18
34 22
34 23
34 27
34 28
35 6
35 22
35 27
36 2
36 4
36 6
36 8
36 14
36 22
36 23
36 29
36 35
37 8
37 33
38 11
38 27
39 27
39 34
39 37
40 0
40 2
40 9
40 11
40 19
40 20
40 25
40 35
41 3
41 24
41 26
42 36
43 2
43 4
43 16
43 20
43 26
43 27
43 39
44 4
44 10
44 15
44 24
45 2
45 5
45 14
45 29
45 33
46 3
46 4
46 7
46 8
46 9
46 10
46 27
47 2
47 44
48 1
48 12
48 20
48 21
48 23
48 31
48 41
48 45
49 1
49 13
49 17
49 28
49 47
50 2
50 12
50 15
50 17
50 48
51 13
51 28
51 40
52 10
52 15
52 29
52 31
52 35
52 42
52 48
52 49
53 18
53 20
53 44
54 8
54 18
54 19
54 21
54 22
54 49
54 51
55 1
55 10
55 25
55 38
55 44
56 5
56 15
56 18
56 20
56 27
56 31
56 36
56 42
56 54
57 3
57 6
57 7
57 15
57 19
57 25
57 37
57 49
58 2
58 18
58 41
58 42
58 55
59 7
59 8
59 10
59 20
59 26
59 27
59 28
59 45
59 50
59 54
60 3
60 8
60 15
60 23
60 33
60 43
60 45
60 48
61 5
61 8
61 20
61 26
61 37
61 55
62 6
62 11
62 34
62 39
62 41
62 43
62 44
62 48
62 56
62 57
62 60
63 2
63 25
63 28
63 33
63 43
63 49
63 60
63 62
64 1
64 6
64 29
64 32
64 37
64 47
64 51
64 53
64 55
64 58
65 7
65 22
65 24
65 30
65 32
65 50
65 58
65 60
65 63
66 5
66 16
66 33
66 46
66 48
66 62
67 1
67 14
67 22
67 37
67 38
67 46
67 55
67 58
67 60
68 0
68 5
68 16
68 20
68 50
69 13
69 17
69 25
69 39
69 40
69 45
69 50
69 68
