80
120
7 4
11 3
15 2
15 3
17 9
19 4
19 16
21 15
21 16
24 6
25 14
26 18
29 8
30 13
31 29
32 19
32 27
33 29
34 29
35 17
36 1
36 2
36 10
36 22
37 19
38 14
38 34
41 9
41 10
41 22
42 10
42 16
42 18
42 24
42 35
43 33
44 8
44 28
44 32
44 33
44 42
45 12
45 18
45 20
46 12
46 44
47 40
48 4
48 41
49 28
50 6
51 25
51 27
51 44
52 6
52 43
52 44
53 39
53 50
54 25
55 23
55 49
56 19
56 21
56 35
57 1
57 14
57 34
57 42
57 54
58 51
59 9
59 58
60 18
60 47
61 40
62 18
62 26
63 21
63 62
64 5
64 32
64 41
65 14
66 3
66 8
66 30
66 42
67 7
67 21
67 40
68 15
68 23
68 31
68 36
68 53
69 44
70 7
70 12
70 13
70 63
71 0
71 15
71 55
72 2
72 24
72 26
73 35
74 26
74 57
74 69
75 19
76 23
77 7
77 9
77 15
77 44
78 51
79 7
79 10
