50
150
3 0
3 1
5 0
5 1
5 2
8 0
8 5
9 2
9 7
11 6
15 1
15 2
15 5
15 9
15 10
15 14
16 2
16 3
16 7
17 1
17 9
18 1
18 10
18 15
20 5
20 14
21 17
21 19
22 0
22 7
22 20
23 9
23 14
24 5
24 11
24 17
24 18
25 13
26 4
26 19
27 5
27 6
27 8
27 11
27 13
27 20
27 23
28 12
28 15
29 5
29 18
29 20
29 23
30 3
30 10
30 26
31 27
31 29
32 11
32 22
32 30
33 19
33 27
34 5
34 16
34 20
34 27
35 5
35 14
36 3
36 6
36 15
36 17
36 33
37 5
37 17
37 20
37 29
37 36
38 2
38 6
38 21
38 25
38 33
39 9
39 11
39 13
39 24
39 36
40 3
40 10
40 29
41 4
41 12
41 18
41 31
41 36
42 11
42 15
42 19
42 24
42 28
42 34
42 40
43 8
43 18
43 23
43 28
43 42
44 10
44 19
44 24
44 26
44 29
44 30
44 33
45 4
45 10
45 13
45 24
45 38
45 39
45 40
45 41
45 43
46 6
46 7
46 9
46 12
46 17
46 19
46 21
46 25
46 27
46 38
46 40
46 44
46 45
47 6
47 11
47 23
47 27
47 32
47 38
48 3
48 9
48 35
48 43
49 29
49 45
