85
255
4 0
8 3
8 6
9 5
10 0
12 4
12 10
13 6
14 7
15 8
15 14
16 2
16 6
16 8
16 10
18 4
18 16
19 5
19 17
20 8
20 14
21 15
23 4
23 15
24 3
24 5
24 13
25 0
25 4
26 0
26 17
27 3
27 9
29 4
29 27
30 4
30 10
30 17
30 20
31 4
31 26
31 27
32 20
32 30
33 8
33 9
34 10
34 12
34 32
35 6
35 8
35 17
35 19
35 32
35 33
36 8
36 28
37 6
37 13
38 4
38 7
39 9
39 24
39 29
39 37
40 24
40 36
41 34
42 2
42 28
42 36
42 41
43 23
43 28
44 6
44 16
44 21
44 24
44 39
45 6
45 15
45 20
45 22
45 42
46 0
46 13
46 26
46 34
46 37
46 40
47 12
47 32
47 36
47 45
48 13
48 15
48 36
48 41
48 45
49 19
49 31
49 40
50 19
50 29
50 39
51 5
51 8
51 34
51 40
52 13
52 30
52 33
52 42
53 22
53 30
53 52
54 37
54 51
55 11
55 16
55 31
56 3
56 17
56 37
56 40
57 22
57 41
58 16
58 20
58 22
60 8
60 21
60 40
60 46
61 0
61 1
61 5
61 13
61 20
61 54
62 3
62 8
62 11
62 31
62 42
63 17
63 34
64 5
64 43
64 61
64 63
65 3
65 13
65 23
65 24
66 4
66 20
66 42
67 0
67 17
67 23
67 62
68 14
68 21
68 28
68 32
68 34
68 38
69 22
69 30
69 59
69 61
70 4
70 13
70 21
70 22
70 55
70 60
71 10
71 12
71 27
71 30
71 32
71 36
71 37
72 35
72 47
72 61
72 67
73 13
73 27
73 32
73 35
73 54
73 61
73 65
73 70
74 4
74 20
74 46
74 68
75 0
75 3
75 8
75 52
75 54
76 3
76 9
76 12
76 25
76 35
76 53
76 62
77 30
77 47
78 7
78 8
78 11
78 24
78 31
78 34
78 35
78 49
78 53
78 54
78 60
78 77
79 7
79 16
79 30
79 74
80 8
80 39
80 64
81 10
81 13
81 31
81 44
81 59
82 6
82 8
82 28
82 40
82 48
82 53
83 10
83 19
83 24
83 41
83 68
83 69
84 15
84 31
84 34
84 44
