85
510
7 4
8 5
10 7
11 10
12 1
12 7
13 0
13 5
14 4
14 11
14 12
16 7
16 10
17 2
18 11
18 15
18 16
18 17
19 4
19 9
19 13
19 18
20 7
20 9
20 17
21 1
21 2
21 10
21 12
22 2
22 9
22 21
24 2
24 4
24 11
24 15
24 18
24 20
25 7
25 9
25 12
25 13
25 21
26 0
26 11
27 22
27 23
27 25
28 11
28 20
28 25
28 27
29 3
29 4
29 10
29 12
29 13
29 19
29 21
29 28
30 18
30 24
30 27
30 28
30 29
31 2
31 4
31 9
31 14
32 4
32 12
32 20
32 24
32 31
33 15
33 29
34 10
34 20
34 21
34 30
35 9
35 14
35 20
35 21
35 27
35 28
36 4
36 7
36 9
36 16
36 23
36 24
36 27
36 33
36 34
37 3
37 29
38 7
38 11
38 13
38 15
38 19
39 21
39 27
39 32
39 37
39 38
40 0
40 3
40 5
40 9
40 11
40 12
40 16
40 23
40 33
40 34
40 38
41 7
41 21
41 23
41 27
42 0
42 33
42 36
43 3
43 11
43 14
43 15
43 18
43 22
43 32
43 34
44 3
44 18
44 19
44 39
44 40
45 13
45 41
46 2
46 3
46 9
46 29
46 40
47 5
47 8
47 16
47 17
47 41
48 0
48 19
48 23
48 28
48 32
48 44
48 45
48 47
49 2
49 31
49 38
49 39
50 3
50 4
50 13
50 16
50 27
50 31
50 37
50 44
51 21
51 22
51 26
51 36
51 38
51 39
51 40
51 47
52 24
52 25
52 33
52 47
52 48
53 10
53 14
53 20
53 28
53 33
53 35
53 39
53 42
53 43
53 48
53 49
54 3
54 4
54 7
54 9
54 11
54 13
54 26
54 29
54 31
54 44
55 9
55 11
55 14
55 30
55 47
55 54
56 9
56 17
56 28
56 41
56 44
56 45
56 46
56 48
56 49
57 4
57 5
57 12
57 20
57 29
57 30
57 40
57 48
57 53
57 54
58 2
58 14
58 16
58 20
58 24
58 34
58 39
58 41
58 42
58 45
58 49
58 53
59 3
59 20
59 21
59 22
59 24
59 28
59 39
59 50
59 55
60 2
60 6
60 14
60 18
60 19
60 27
60 28
60 29
60 54
61 9
61 24
61 25
61 33
61 47
61 49
61 52
61 58
61 59
62 3
62 14
62 15
62 19
62 22
62 24
62 32
62 40
62 42
62 46
63 2
63 11
63 12
63 25
63 28
63 31
63 60
64 2
64 6
64 21
64 25
64 28
64 31
64 37
64 55
64 57
64 63
65 2
65 8
65 18
65 29
65 41
65 49
66 4
66 10
66 12
66 18
66 25
66 33
66 37
66 39
66 41
66 48
66 53
67 16
67 25
67 30
67 40
67 46
67 47
67 49
67 50
67 62
68 6
68 10
68 14
68 15
68 16
68 21
68 26
68 48
68 62
68 67
69 11
69 14
69 21
69 22
69 23
69 28
69 29
69 40
69 43
69 44
69 52
69 53
69 57
69 63
70 3
70 10
70 12
70 23
70 36
70 37
70 42
70 50
70 53
70 63
70 64
71 6
71 9
71 10
71 15
71 19
71 21
71 23
71 27
71 29
71 30
71 51
71 61
71 63
71 67
71 69
71 70
72 10
72 17
72 21
72 24
72 27
72 28
72 47
72 48
72 49
72 59
72 66
72 71
73 0
73 4
73 9
73 13
73 14
73 17
73 21
73 26
73 27
73 33
73 36
73 38
73 42
73 48
73 55
74 6
74 10
74 15
74 33
74 34
74 35
74 54
74 58
75 14
75 17
75 22
75 70
75 73
76 0
76 6
76 19
76 24
76 33
76 56
76 57
76 62
76 74
77 16
77 19
77 34
77 36
77 38
77 46
77 51
77 55
78 1
78 3
78 10
78 14
78 19
78 28
78 41
78 42
78 45
78 48
78 51
78 60
78 73
79 14
79 18
79 28
79 34
79 36
79 39
79 41
79 42
79 56
79 78
80 1
80 9
80 23
80 32
80 33
80 44
80 49
80 60
80 63
80 74
81 0
81 2
81 5
81 20
81 26
81 33
81 57
81 59
81 62
81 63
81 76
81 79
82 0
82 2
82 5
82 18
82 35
82 42
82 44
82 50
82 52
82 59
82 60
82 61
82 75
83 35
83 36
83 40
83 43
83 46
83 56
83 58
83 66
83 73
83 75
84 16
84 25
84 26
84 28
84 32
84 34
84 36
84 45
84 47
84 56
84 69
84 78
84 81
