60
180
2 0
4 0
9 1
9 6
9 8
10 1
10 2
10 3
10 5
11 7
11 9
12 5
12 6
13 4
13 9
13 11
14 3
14 11
15 7
15 12
16 10
16 13
17 3
17 14
17 16
18 6
19 11
19 12
19 17
20 6
20 12
20 15
21 6
21 18
22 2
22 19
22 21
23 2
23 6
23 10
23 13
24 12
24 19
25 10
25 14
25 21
26 3
26 8
27 20
27 25
28 6
28 20
30 0
30 6
30 9
30 26
31 5
31 19
31 26
31 30
32 23
33 16
33 27
33 29
34 24
35 8
35 12
35 17
35 34
36 0
36 1
36 6
36 15
36 17
36 24
36 35
37 10
37 21
37 22
37 28
38 7
38 8
38 16
38 35
39 7
39 15
39 21
39 24
40 0
40 11
40 20
40 24
40 36
41 0
41 8
41 25
42 2
42 9
42 17
42 29
43 12
43 29
43 34
44 26
44 32
44 35
45 7
45 32
45 33
46 1
46 2
46 22
46 30
46 44
47 3
47 10
47 15
47 18
47 31
47 42
48 11
48 12
48 16
48 20
48 33
48 38
48 40
48 45
49 0
49 2
49 44
49 45
50 0
50 3
50 14
51 1
51 2
51 21
51 25
51 27
51 29
51 32
52 4
52 6
52 29
52 31
53 1
53 4
53 18
53 24
53 45
54 36
54 38
54 39
55 9
55 16
55 22
55 31
55 50
56 23
56 30
56 33
56 42
56 53
57 14
57 21
57 33
57 44
58 4
58 6
58 30
58 31
59 7
59 12
59 13
59 19
59 40
59 44
59 50
59 54
