70
140
7 4
8 5
10 2
11 0
12 5
13 9
17 7
18 9
19 9
19 17
20 14
20 18
22 11
22 16
23 10
23 22
24 18
25 5
26 10
27 15
27 16
28 13
29 9
29 22
31 0
31 19
32 1
32 12
32 14
32 16
32 30
34 0
34 7
34 20
35 3
35 16
36 5
37 10
37 29
38 7
38 14
38 15
38 21
39 12
39 34
40 0
40 36
41 15
41 29
41 34
42 23
42 31
43 23
44 10
44 30
44 43
45 18
45 23
45 30
45 35
46 10
47 13
47 18
47 35
48 5
48 20
48 31
48 44
49 9
49 45
50 6
50 33
51 27
51 28
52 21
52 24
52 31
52 34
52 44
53 38
54 25
54 35
54 46
55 21
55 38
56 3
56 7
56 14
56 34
57 0
57 5
57 42
57 50
58 20
58 23
58 34
59 0
59 2
59 6
59 27
59 31
59 38
59 51
59 53
59 58
60 15
60 30
60 51
61 25
61 37
61 38
61 46
61 59
62 5
62 21
62 22
62 23
62 34
62 38
62 53
63 24
63 41
64 38
64 53
65 25
65 33
66 18
66 54
67 4
67 7
67 43
67 52
67 59
67 63
68 2
68 4
68 7
69 13
69 54
69 57
