50
175
4 0
6 1
7 1
8 1
8 2
8 3
8 4
9 1
9 7
10 5
10 9
11 3
11 7
11 9
11 10
12 2
12 6
13 6
13 8
13 10
13 11
14 2
14 11
14 13
15 4
16 7
16 9
16 10
16 14
17 5
17 12
18 1
18 5
18 17
19 1
19 5
19 8
20 12
20 17
21 9
22 10
22 17
23 5
24 20
25 0
25 4
25 7
25 22
26 19
26 22
26 25
27 14
27 20
28 11
28 24
29 7
29 10
29 14
30 0
30 1
30 4
30 5
30 17
31 8
31 11
31 17
31 18
31 23
31 29
32 7
32 12
32 13
32 18
33 0
33 6
33 9
33 20
33 30
33 32
34 0
34 2
34 17
34 30
35 1
35 2
35 24
35 28
35 31
36 12
36 13
36 16
36 21
36 29
37 1
37 18
37 21
37 26
37 27
38 1
38 2
38 25
39 2
39 4
39 12
39 15
39 19
39 26
39 29
39 35
39 36
39 38
40 9
40 10
40 16
40 17
40 21
40 27
40 31
40 34
40 38
41 1
41 11
41 33
41 37
42 0
42 7
42 17
42 24
42 29
43 1
43 2
43 4
43 7
43 20
43 24
43 26
44 0
44 4
44 7
44 15
44 20
44 24
44 26
45 8
45 32
45 33
45 43
46 14
46 18
46 26
46 40
47 10
47 12
47 18
47 19
47 25
47 28
47 44
48 3
48 5
48 10
48 25
48 26
48 36
48 42
49 10
49 11
49 15
49 20
49 23
49 34
49 36
49 37
49 42
49 45
