100
450
6 0
6 2
8 7
9 1
10 9
14 6
14 7
14 11
15 10
16 7
16 11
17 4
18 1
18 6
18 14
20 3
20 4
20 5
20 7
20 12
20 19
21 2
21 14
21 17
21 20
23 0
23 6
24 0
24 4
24 10
27 2
27 17
27 21
28 3
28 5
28 11
28 13
28 26
29 6
29 7
29 8
29 16
29 21
29 23
29 25
29 26
29 27
30 23
30 26
31 15
31 21
31 26
32 1
32 29
33 1
33 19
34 1
34 23
34 26
34 27
34 31
35 13
35 17
35 18
36 14
37 34
38 17
40 7
40 25
40 28
41 3
41 11
41 12
41 31
42 4
42 24
42 31
42 39
43 6
43 12
43 13
43 20
43 24
43 37
44 12
44 28
44 30
45 16
45 19
46 13
46 20
46 40
46 43
47 13
47 15
47 30
47 32
47 46
48 10
48 19
48 36
48 40
48 43
49 1
49 9
49 33
49 38
50 2
50 9
50 22
50 42
50 44
51 6
51 11
51 24
51 48
52 3
52 39
52 40
52 43
52 50
53 8
53 12
53 39
53 44
53 46
54 6
54 20
54 43
54 44
55 7
55 11
55 22
55 23
55 25
55 34
55 38
56 0
56 1
56 3
56 31
57 4
57 36
57 40
57 51
58 17
58 27
58 29
58 32
58 37
58 38
58 41
58 48
58 49
58 50
59 2
59 4
59 21
59 28
59 36
59 38
59 42
59 51
60 4
60 19
60 30
60 31
60 32
61 6
61 13
61 16
61 21
61 30
61 43
61 60
62 6
62 21
62 30
63 3
63 4
63 6
63 11
63 36
63 37
63 38
63 46
64 4
64 11
64 18
64 21
64 25
64 31
64 33
64 38
64 60
64 63
65 19
65 53
65 56
66 1
66 3
66 13
66 27
66 51
66 53
67 1
67 11
67 31
67 32
67 35
67 61
68 4
68 5
68 32
68 53
68 54
68 65
69 19
69 21
69 32
69 37
69 38
69 47
70 2
70 7
70 27
70 35
70 40
70 60
70 66
71 10
71 43
71 46
71 54
71 59
72 21
72 22
72 29
72 30
72 38
72 57
72 58
72 67
73 4
73 19
73 39
73 42
73 47
73 65
73 71
74 6
74 8
74 19
74 20
74 42
74 46
75 17
75 20
75 28
75 69
76 10
76 18
76 26
76 31
76 36
76 37
76 42
76 65
76 75
77 5
77 18
77 29
77 48
77 58
78 4
78 6
78 9
78 21
78 43
78 47
78 50
78 57
78 73
78 77
79 5
79 37
79 41
80 2
80 4
80 17
80 27
80 33
80 37
80 56
80 67
80 69
80 72
81 4
81 6
81 22
81 23
81 26
81 45
81 54
81 80
82 26
82 27
82 48
82 51
82 71
83 1
83 16
83 18
83 26
83 40
83 43
83 61
83 62
83 63
83 72
83 74
83 79
84 0
84 22
84 28
84 29
84 30
84 33
84 53
84 79
85 8
85 9
85 12
85 16
85 46
85 48
85 68
86 0
86 2
86 23
86 29
86 34
86 37
86 43
86 56
86 62
87 21
87 49
87 73
88 2
88 27
88 36
88 42
88 44
88 49
88 61
88 69
89 18
89 19
89 26
89 29
89 39
89 48
89 57
89 65
89 73
90 8
90 17
90 29
90 31
90 41
90 46
90 52
90 62
90 71
90 79
91 27
91 41
91 43
91 55
91 58
91 59
91 75
91 89
92 10
92 36
92 44
92 47
92 62
92 63
92 65
92 75
92 77
92 78
92 86
92 89
93 11
93 13
93 14
93 16
93 53
93 91
94 8
94 20
94 75
94 86
95 0
95 2
95 5
95 9
95 13
95 32
95 36
95 46
95 79
95 90
96 40
96 57
96 71
96 80
96 81
96 84
97 9
97 16
97 20
97 24
97 37
97 79
97 82
97 84
97 87
97 91
97 92
98 15
98 16
98 46
98 52
98 83
98 90
99 9
99 19
99 36
99 49
99 57
99 75
99 77
99 84
99 87
99 92
99 94
