75
100
14 4
15 9
17 13
20 18
21 0
21 11
22 20
23 1
24 8
25 6
25 17
26 9
26 12
26 13
26 20
26 21
27 12
28 20
29 12
33 28
34 6
34 20
35 26
35 33
36 3
36 25
38 8
38 33
38 35
39 28
41 7
41 20
41 29
42 0
42 30
43 16
44 23
45 12
45 40
46 27
46 31
46 37
47 37
48 1
48 22
48 31
48 43
48 47
50 10
51 20
52 37
53 1
54 2
54 32
54 49
55 46
56 1
56 8
56 34
56 39
57 50
57 51
58 31
59 30
59 35
59 38
60 20
61 21
62 0
62 56
62 60
63 20
65 41
66 48
66 54
67 45
67 58
68 66
69 30
70 6
70 19
70 27
70 60
71 28
71 36
71 55
71 56
72 4
72 10
72 56
72 64
72 68
73 5
73 9
73 15
73 56
74 39
74 48
74 50
74 66
