75
150
1 0
10 0
10 8
11 10
12 0
12 5
13 3
15 7
16 7
16 10
17 14
17 15
18 8
18 10
19 17
21 1
22 8
22 19
24 7
24 14
24 18
24 22
25 0
25 2
26 7
27 18
28 2
28 23
29 10
32 26
33 19
33 26
34 2
34 19
35 4
35 10
36 6
36 9
36 12
36 15
36 21
36 23
36 27
37 2
37 9
38 16
38 22
38 27
40 8
40 11
40 31
41 15
42 28
43 22
43 28
43 36
43 40
44 1
44 11
44 16
44 18
44 26
45 8
45 17
45 35
46 7
46 35
47 24
47 39
48 3
48 4
48 40
51 1
51 8
51 19
51 45
52 18
52 25
53 39
54 2
54 35
54 52
55 20
55 39
55 46
55 51
56 8
56 12
57 14
57 19
57 36
57 38
57 49
57 55
58 0
58 7
58 26
58 31
59 2
59 15
59 35
60 49
60 52
60 53
60 59
61 26
61 34
61 46
62 9
62 23
62 31
62 32
62 37
63 42
63 50
63 54
63 55
64 16
64 32
65 38
66 3
66 13
66 21
66 44
66 54
67 47
67 66
68 27
68 38
68 46
69 26
69 30
69 49
69 53
70 10
70 31
70 53
70 61
70 66
71 11
71 27
71 29
72 1
72 35
72 56
73 22
73 28
73 38
73 65
74 33
