85
170
3 0
4 1
15 3
15 10
16 3
17 16
18 10
19 13
20 4
21 1
22 1
22 21
23 17
23 21
24 6
24 17
25 19
26 9
28 5
28 18
29 0
29 22
29 28
30 8
30 12
31 7
31 9
33 31
34 20
34 28
35 4
36 6
36 25
37 31
38 1
38 11
39 13
40 6
41 15
41 29
42 1
42 14
43 11
44 12
45 38
46 10
46 19
46 23
46 25
46 30
46 45
47 31
48 12
48 19
49 10
49 34
49 35
50 18
50 42
50 46
51 14
51 20
51 39
51 43
52 2
52 30
53 3
53 6
53 37
53 40
53 42
53 46
54 5
54 30
55 27
55 29
55 30
55 46
56 7
56 28
57 20
57 52
58 4
58 25
58 33
59 3
59 38
59 50
60 13
60 15
60 22
60 25
60 27
60 40
60 50
60 59
61 2
61 21
61 44
61 49
61 58
62 2
62 32
63 8
63 10
63 20
63 32
63 50
64 28
64 41
64 44
65 22
66 19
66 20
67 22
67 66
68 43
69 0
69 30
70 8
70 30
70 32
70 61
71 12
71 13
71 16
71 26
71 33
71 34
71 60
72 8
72 12
72 43
73 22
73 64
73 72
74 44
75 25
75 57
75 58
76 70
77 11
77 26
77 71
78 3
78 16
79 7
79 28
79 29
79 45
79 73
80 36
81 14
82 7
82 10
82 11
82 66
83 7
83 25
83 39
83 51
83 63
83 67
84 7
84 16
84 18
84 35
84 75
84 81
84 83
