40
100
3 2
4 0
4 3
5 1
5 3
6 1
7 1
8 5
12 9
13 0
13 9
14 1
14 9
15 1
15 2
15 6
15 7
15 13
16 10
17 0
17 9
17 12
17 14
19 9
19 10
20 3
21 4
21 10
22 5
22 10
22 12
23 7
23 8
23 10
23 11
23 14
23 20
24 14
25 1
26 6
26 13
26 15
27 1
27 2
27 8
27 13
28 0
28 3
28 6
28 9
28 11
28 20
28 21
29 3
29 6
29 13
29 16
30 2
30 21
30 28
30 29
31 12
32 1
32 10
32 20
32 27
33 1
33 4
33 6
33 23
33 31
33 32
34 6
34 13
34 25
34 31
34 33
35 0
35 6
35 18
35 29
36 11
36 18
36 28
36 30
37 0
37 6
37 17
37 21
37 24
37 25
38 10
38 16
39 2
39 19
39 21
39 25
39 27
39 30
39 37
