40
140
3 0
3 2
4 2
5 2
6 1
8 0
9 2
9 6
10 3
10 4
10 5
10 8
11 2
11 3
11 4
11 10
12 6
12 11
13 4
15 3
15 4
15 11
15 12
16 2
16 11
16 13
16 14
17 1
17 10
17 11
17 14
18 6
18 7
19 0
20 18
20 19
21 10
21 13
21 18
22 6
22 8
22 10
22 11
22 12
22 14
22 16
22 20
23 5
23 10
23 11
24 2
24 7
24 15
24 20
24 22
25 7
25 9
25 16
25 19
25 23
26 3
26 12
26 14
26 16
26 18
27 12
27 16
27 18
27 20
28 13
28 23
29 0
29 16
29 20
29 22
29 27
30 1
30 6
30 21
30 22
30 23
30 25
31 3
31 13
31 30
32 1
32 4
32 5
32 7
32 8
32 11
32 19
32 24
32 29
33 2
33 23
33 27
33 30
33 32
34 2
34 9
34 10
34 13
34 21
35 0
35 1
35 10
35 11
35 13
35 17
35 19
35 22
35 23
35 24
36 4
36 5
36 8
36 14
36 21
36 22
36 34
37 0
37 2
37 4
37 7
37 11
37 12
37 17
37 25
38 6
38 9
38 20
38 22
38 27
39 4
39 9
39 12
39 27
39 28
39 32
