25
100
1 0
3 1
5 2
6 0
6 3
6 4
7 0
8 0
8 5
9 1
9 2
9 4
9 6
9 8
10 6
10 7
10 8
11 0
11 3
11 5
12 2
12 4
12 5
12 6
12 7
12 10
13 0
13 2
13 4
13 9
13 11
14 1
14 4
14 7
14 13
15 2
15 5
15 6
15 9
15 10
16 1
16 2
16 3
16 7
16 9
16 12
16 14
17 1
17 8
17 10
17 11
17 16
18 3
18 6
18 11
18 12
18 13
18 17
19 1
19 6
19 7
19 9
19 10
19 15
20 6
20 8
20 9
20 16
20 17
21 3
21 4
21 5
21 8
21 12
21 17
21 18
22 1
22 2
22 13
22 18
22 19
23 0
23 4
23 6
23 10
23 11
23 12
23 15
23 18
23 20
24 3
24 4
24 6
24 8
24 10
24 13
24 17
24 21
24 22
24 23
