30
120
2 0
3 1
4 0
4 2
4 3
5 0
5 3
7 2
8 3
9 3
9 6
10 0
10 5
11 2
11 3
11 4
12 0
12 1
12 2
12 3
12 5
12 8
13 3
13 6
13 8
13 9
14 2
14 5
14 12
14 13
15 7
15 9
16 2
16 4
16 8
16 11
16 13
17 0
17 2
17 3
17 5
17 6
17 13
17 14
18 0
18 1
18 2
18 4
18 13
18 15
19 1
19 6
19 9
19 10
19 16
19 17
19 18
20 2
20 7
20 12
20 14
21 1
21 8
21 10
21 14
21 16
22 2
22 5
22 16
22 21
23 0
23 4
23 7
23 10
23 15
23 22
24 0
24 2
24 3
24 8
24 9
24 17
24 20
24 23
25 0
25 2
25 10
25 16
25 20
25 21
26 0
26 3
26 6
26 15
26 23
27 9
27 11
27 13
27 15
27 16
27 20
27 21
28 0
28 1
28 2
28 11
28 13
28 14
28 17
28 21
28 25
28 26
28 27
29 1
29 2
29 10
29 13
29 20
29 21
29 27
