35
105
6 1
7 6
8 6
10 7
11 4
12 6
12 9
12 11
13 2
13 4
13 10
14 9
14 13
15 4
15 7
15 11
16 1
16 4
17 0
17 1
17 2
17 12
17 13
17 14
18 1
18 11
19 1
19 8
19 9
19 15
20 10
20 15
20 16
20 18
21 4
21 9
21 17
21 18
21 19
22 3
22 7
22 13
22 16
22 17
23 12
23 20
24 2
24 11
25 7
25 9
25 17
25 20
25 22
26 3
26 17
26 21
27 6
27 10
27 12
27 14
27 16
27 21
27 26
28 4
28 10
28 15
28 17
28 20
28 22
28 24
29 3
29 15
29 17
29 23
29 26
30 0
30 5
30 6
30 8
30 10
30 11
30 12
30 20
30 23
31 7
31 22
31 23
31 30
32 0
32 2
32 11
32 13
32 20
32 22
32 23
32 27
32 28
32 30
33 1
33 13
33 20
34 14
34 16
34 22
34 29
