30
180
1 0
3 1
4 3
5 1
6 0
6 5
7 0
7 1
7 3
7 4
8 4
8 7
9 1
9 2
9 3
9 6
10 2
10 3
11 0
11 2
11 3
11 7
11 8
12 0
12 2
12 3
12 5
12 6
12 9
13 0
13 1
13 2
13 3
13 4
13 5
13 7
13 8
13 9
13 11
14 2
14 3
14 4
14 6
14 8
14 10
14 12
15 0
15 2
15 3
15 6
15 9
15 10
15 12
16 0
16 2
16 4
16 7
16 8
16 10
16 11
16 13
16 14
17 1
17 2
17 4
17 5
17 6
17 9
17 12
17 14
17 16
18 0
18 2
18 5
18 7
18 8
18 13
18 14
18 16
19 5
19 7
19 10
19 14
19 15
19 17
20 0
20 7
20 8
20 11
21 0
21 1
21 2
21 5
21 6
21 8
21 12
21 13
21 16
21 18
21 19
21 20
22 3
22 7
22 10
22 12
22 13
22 14
22 16
22 17
22 18
22 20
22 21
23 0
23 2
23 3
23 7
23 13
23 14
23 15
23 20
23 22
24 7
24 8
24 9
24 15
24 18
25 0
25 2
25 11
25 13
25 15
25 16
25 18
25 20
25 21
26 0
26 1
26 3
26 5
26 7
26 9
26 10
26 11
26 19
26 20
26 21
26 22
26 23
26 24
27 6
27 7
27 9
27 10
27 12
27 13
27 16
27 17
27 20
27 23
28 2
28 5
28 12
28 14
28 17
28 23
28 24
28 25
29 0
29 3
29 4
29 6
29 7
29 8
29 9
29 14
29 18
29 22
29 24
29 25
29 26
