90
405
1 0
4 2
6 5
7 2
9 2
11 10
12 7
14 6
16 3
16 13
17 3
17 9
18 13
19 11
19 16
21 13
22 5
22 14
23 1
23 5
24 2
24 18
24 20
24 22
25 18
25 22
26 14
27 1
27 3
27 9
27 20
28 3
28 13
29 4
29 8
30 0
30 2
31 15
31 23
31 26
31 30
32 9
32 12
32 13
33 0
33 7
33 25
33 27
33 32
34 1
34 8
34 20
35 4
35 26
35 33
36 1
36 19
36 22
36 28
36 30
37 5
37 19
37 32
37 35
38 10
38 25
38 30
39 1
39 2
39 5
39 20
39 21
39 29
39 33
40 1
40 11
40 14
40 17
40 31
41 14
42 0
42 6
42 10
42 13
42 25
42 32
42 40
43 6
43 9
43 16
43 29
43 31
43 37
44 15
44 33
45 3
45 12
45 26
45 27
45 35
45 39
46 1
46 11
46 31
46 33
47 6
47 13
47 27
47 31
47 36
47 37
47 42
49 11
49 12
49 13
49 26
49 29
49 31
49 33
49 37
50 10
50 35
50 37
50 43
50 44
50 45
51 20
51 37
51 40
51 43
51 50
52 19
52 28
52 37
52 40
52 47
52 48
53 11
53 19
53 38
53 40
53 45
53 48
53 51
54 1
54 9
54 15
54 38
54 41
54 46
55 7
55 9
55 23
55 31
55 32
55 34
55 40
55 42
56 4
56 16
56 17
56 23
56 43
56 45
56 49
57 4
57 5
57 8
57 9
57 11
57 18
57 20
57 27
57 44
57 46
57 51
58 2
58 15
58 22
58 29
58 31
59 7
59 10
59 18
59 19
59 48
60 1
60 13
60 14
60 35
60 41
60 52
60 55
61 18
61 34
61 36
61 57
62 0
62 4
62 5
62 10
62 26
62 39
62 42
62 46
62 52
62 55
63 4
63 13
63 27
63 40
63 46
63 53
64 9
64 16
64 22
64 23
64 45
64 49
64 53
64 60
65 13
65 26
65 30
65 41
65 52
65 55
66 4
66 8
66 10
66 25
66 34
66 37
66 39
66 45
66 47
66 65
67 8
67 44
67 46
67 52
67 53
67 54
67 65
68 4
68 19
68 30
68 46
69 3
69 10
69 22
69 27
69 31
69 40
70 4
70 13
70 21
70 42
70 48
71 1
71 24
71 29
71 48
71 57
71 68
71 70
72 2
72 5
72 41
72 46
72 58
73 9
73 20
73 22
73 29
73 59
73 68
74 1
74 29
74 34
74 47
74 57
74 62
74 70
75 0
75 14
75 19
75 21
75 41
75 48
75 56
76 8
76 14
76 20
76 27
76 32
76 55
77 6
77 10
77 13
77 18
77 22
77 23
77 38
77 44
77 52
77 67
77 76
78 2
78 24
78 37
78 42
78 56
78 58
78 65
79 15
79 26
79 61
79 76
80 12
80 13
80 41
80 43
80 54
80 62
81 29
81 33
81 50
81 54
81 60
82 7
82 11
82 13
82 17
82 26
82 59
82 61
82 63
82 81
83 3
83 14
83 15
83 19
83 20
83 48
83 79
84 6
84 30
84 43
84 44
84 52
84 69
84 70
84 77
85 1
85 15
85 18
85 34
85 57
85 78
85 82
86 2
86 31
86 46
86 57
86 79
87 8
87 15
87 16
87 21
87 24
87 31
87 38
87 45
87 46
87 49
87 55
87 57
87 70
87 72
88 5
88 6
88 11
88 21
88 44
88 54
88 57
88 69
88 76
88 81
88 87
89 3
89 7
89 8
89 11
89 16
89 17
89 34
89 36
89 38
89 40
89 45
89 53
89 57
89 88
