60
240
6 3
7 4
7 5
9 1
10 0
11 6
12 0
13 1
14 3
15 11
15 14
16 12
17 2
17 9
17 13
17 16
19 10
19 11
19 13
20 1
20 2
20 10
20 17
21 0
22 18
23 6
24 4
24 10
25 14
25 16
25 20
26 1
26 6
26 15
26 21
27 9
27 14
27 25
28 3
28 12
28 15
28 17
28 18
28 19
29 6
29 12
29 19
29 25
30 1
30 11
30 13
30 16
30 29
31 1
31 4
31 7
31 11
31 15
31 20
31 28
32 7
32 14
32 16
32 19
32 20
33 5
33 8
33 19
34 2
34 3
34 4
34 8
34 11
34 24
34 25
35 5
35 29
35 30
36 11
36 23
36 25
36 32
37 1
37 5
37 14
37 22
37 31
37 32
38 11
38 15
38 21
38 27
39 0
39 29
39 37
40 2
40 3
40 28
40 31
40 34
40 39
41 1
41 4
41 7
41 9
41 10
41 11
41 17
41 18
41 23
41 37
42 4
42 8
42 25
42 31
42 38
42 40
43 2
43 27
43 29
43 31
43 41
43 42
44 12
44 17
44 27
44 28
44 30
44 33
45 0
45 1
45 3
45 5
45 12
45 13
45 18
45 26
45 36
45 39
45 42
46 9
46 11
46 13
46 14
46 17
46 18
46 25
47 16
47 25
47 31
47 38
47 40
48 1
48 12
48 21
48 35
48 38
48 44
48 47
49 4
49 5
49 10
49 21
49 22
49 32
50 19
50 27
50 28
50 31
50 33
50 44
50 49
51 4
51 6
51 11
51 13
51 18
51 29
51 35
52 4
52 7
52 8
52 19
52 22
52 24
52 25
52 32
52 41
52 48
53 2
53 17
53 27
53 28
53 38
53 39
53 47
53 51
54 19
54 28
54 29
54 36
54 40
54 41
54 52
55 6
55 23
55 36
55 48
56 3
56 7
56 9
56 13
56 21
56 35
56 37
56 40
57 1
57 4
57 22
57 23
57 28
57 29
57 38
57 39
57 44
57 53
57 55
58 6
58 13
58 14
58 27
58 31
58 33
58 44
59 9
59 18
59 39
59 40
59 44
59 47
