55
220
4 1
4 2
5 3
5 4
6 0
6 2
6 4
7 3
8 0
8 2
8 4
8 7
9 0
9 2
12 9
13 1
13 6
13 7
14 2
15 0
15 4
15 5
15 7
15 11
16 3
16 5
17 5
17 6
18 0
18 6
19 5
19 10
20 1
20 7
20 13
21 8
21 12
22 7
22 21
23 3
23 18
24 15
24 16
25 0
25 12
25 15
25 17
25 22
26 4
26 7
26 11
26 13
26 15
26 23
27 3
27 10
27 12
28 6
28 11
28 18
28 19
28 22
29 5
29 6
29 8
29 13
29 16
29 27
30 20
30 23
31 0
31 1
31 12
31 13
31 17
31 20
31 22
31 23
31 28
32 11
32 12
32 29
32 30
33 26
33 28
34 4
34 5
34 11
34 17
34 22
34 24
34 26
34 28
35 0
35 5
35 11
36 21
36 28
36 29
36 34
37 14
37 19
37 21
37 28
38 10
38 11
38 25
38 29
38 32
38 36
39 4
39 6
39 9
39 12
39 14
39 15
39 23
39 26
39 32
39 33
39 34
40 2
40 3
40 10
40 14
40 22
40 29
41 13
41 24
41 40
42 1
42 16
42 20
42 21
42 26
42 29
42 31
42 32
43 18
43 21
43 27
43 35
44 14
44 18
44 25
44 34
45 1
45 12
45 30
45 32
45 38
46 3
46 7
46 16
46 19
46 24
46 26
46 30
46 33
47 0
47 1
47 2
47 8
47 14
47 15
47 27
47 30
47 34
47 39
47 40
48 4
48 9
48 35
49 1
49 2
49 5
49 7
49 11
49 16
49 19
49 28
49 34
49 40
49 43
50 2
50 3
50 14
50 19
50 21
50 30
50 32
50 34
50 36
50 39
50 44
51 1
51 5
51 10
51 13
51 14
51 26
51 38
51 41
51 44
52 3
52 5
52 7
52 9
52 25
52 28
52 29
53 2
53 8
53 11
53 21
54 10
54 14
54 18
54 19
54 32
