90
900
3 2
7 0
7 1
7 2
8 0
8 6
8 7
9 0
10 4
10 6
10 7
10 9
11 4
12 4
12 10
12 11
13 0
14 4
14 7
14 8
15 0
15 12
16 7
16 8
16 9
16 14
17 5
17 7
17 11
17 14
18 2
18 4
19 1
19 10
19 11
20 16
21 1
21 3
21 4
21 9
21 10
21 15
21 16
22 3
22 4
22 5
22 6
22 11
22 14
22 19
22 20
23 0
23 2
23 3
23 7
23 8
23 17
23 18
23 20
24 7
24 9
25 3
25 4
25 6
25 14
25 15
25 21
26 1
26 6
26 10
26 15
26 16
26 20
26 24
27 3
27 7
27 10
27 14
27 17
27 18
27 19
28 11
28 24
28 26
29 15
29 27
30 7
30 10
30 16
30 18
30 24
30 25
30 26
30 29
31 0
31 8
31 10
31 11
31 14
31 16
32 7
32 9
32 10
32 12
32 20
32 24
32 26
32 29
33 0
33 10
33 13
33 14
33 15
33 16
33 19
33 22
33 29
34 2
34 3
34 7
34 12
34 14
34 16
34 20
34 30
35 9
35 12
35 18
35 20
36 0
36 5
36 6
36 8
36 11
36 13
36 15
36 22
36 25
36 26
36 28
36 29
36 31
37 2
37 5
37 10
37 11
37 13
37 14
37 17
37 23
37 31
38 5
38 6
38 7
38 9
38 25
38 32
38 34
39 4
39 5
39 8
39 14
39 21
39 25
39 29
39 30
39 35
40 2
40 5
40 12
40 21
40 24
40 25
41 0
41 1
41 3
41 4
41 6
41 23
41 29
41 31
41 34
42 0
42 1
42 6
42 12
42 15
42 17
42 20
43 7
43 10
43 22
43 30
43 32
43 33
44 1
44 3
44 4
44 15
44 24
44 27
44 30
44 34
44 35
45 1
45 2
45 3
45 18
45 21
45 22
45 24
45 28
45 31
45 33
45 34
45 41
46 1
46 6
46 22
46 34
46 44
46 45
47 0
47 5
47 8
47 11
47 13
47 17
47 21
47 22
47 24
47 32
47 42
48 10
48 13
48 22
48 23
48 24
48 39
49 2
49 4
49 23
49 27
49 29
49 30
49 32
49 35
49 43
49 47
49 48
50 1
50 7
50 22
50 24
50 28
50 33
50 38
50 41
50 47
50 49
51 0
51 2
51 6
51 8
51 15
51 18
51 23
51 30
51 31
51 32
51 35
51 37
51 39
51 40
51 42
51 44
52 1
52 12
52 19
52 22
52 27
52 34
52 43
52 44
52 45
53 1
53 8
53 9
53 10
53 11
53 16
53 22
53 27
53 37
53 42
53 43
53 46
54 0
54 19
54 20
54 25
54 26
54 30
54 31
54 35
54 37
54 40
55 5
55 14
55 21
55 24
55 27
55 29
55 33
55 49
55 53
56 12
56 19
56 22
56 23
56 38
56 43
56 44
56 47
56 51
56 53
57 4
57 14
57 19
57 31
57 32
57 33
57 42
57 51
58 2
58 5
58 8
58 16
58 18
58 19
58 22
58 26
58 29
58 30
58 38
58 42
58 43
58 45
58 46
58 51
58 53
59 6
59 14
59 22
59 33
59 37
59 38
59 46
60 1
60 3
60 7
60 9
60 23
60 31
60 35
60 36
60 37
60 38
60 39
60 49
60 51
60 52
60 53
60 57
61 1
61 5
61 12
61 13
61 14
61 16
61 27
61 31
61 34
61 38
61 41
61 43
61 48
61 49
61 53
61 54
61 56
61 59
61 60
62 3
62 13
62 19
62 22
62 29
62 33
62 36
62 37
62 38
62 40
62 41
62 42
62 44
62 50
62 51
63 2
63 3
63 6
63 14
63 18
63 20
63 26
63 31
63 33
63 35
63 36
63 43
63 50
63 52
63 58
63 59
63 61
64 9
64 10
64 12
64 18
64 19
64 22
64 24
64 26
64 31
64 37
64 45
64 46
64 48
64 49
64 53
65 2
65 16
65 18
65 20
65 22
65 40
65 51
65 52
65 53
65 59
65 63
65 64
66 6
66 11
66 12
66 13
66 16
66 24
66 25
66 30
66 34
66 40
66 43
66 48
66 57
66 58
66 59
67 9
67 19
67 21
67 22
67 30
67 35
67 39
67 40
67 44
67 51
67 59
67 60
67 61
68 3
68 7
68 12
68 16
68 19
68 20
68 21
68 23
68 32
68 33
68 35
68 37
68 38
68 46
68 50
68 61
68 62
68 63
69 4
69 5
69 10
69 16
69 17
69 19
69 22
69 26
69 27
69 31
69 37
69 38
69 42
69 47
69 51
69 56
69 57
69 58
69 60
69 61
70 0
70 5
70 8
70 12
70 16
70 23
70 33
70 36
70 54
70 57
70 61
71 0
71 2
71 10
71 11
71 15
71 16
71 17
71 19
71 29
71 32
71 42
71 46
71 53
71 54
71 58
71 61
71 64
72 6
72 8
72 18
72 19
72 23
72 24
72 29
72 31
72 32
72 33
72 40
72 48
72 50
72 57
72 60
72 62
72 63
72 65
72 66
72 68
73 6
73 8
73 11
73 22
73 24
73 29
73 32
73 33
73 45
73 48
73 49
73 66
73 68
73 69
73 71
74 0
74 1
74 15
74 16
74 18
74 21
74 27
74 29
74 31
74 32
74 34
74 42
74 45
74 50
74 56
74 57
74 62
74 71
75 0
75 5
75 10
75 13
75 15
75 16
75 23
75 27
75 28
75 29
75 31
75 34
75 36
75 37
75 43
75 45
75 47
75 52
75 53
75 56
75 59
75 63
75 64
75 69
75 71
76 1
76 4
76 7
76 10
76 19
76 22
76 29
76 32
76 36
76 39
76 42
76 50
76 53
76 54
76 64
76 66
76 69
76 72
77 5
77 27
77 31
77 36
77 37
77 39
77 46
77 47
77 64
77 71
77 72
77 76
78 1
78 8
78 13
78 20
78 24
78 25
78 27
78 31
78 37
78 43
78 49
78 52
78 56
78 58
78 62
78 66
78 68
78 69
78 71
78 73
78 74
79 3
79 6
79 11
79 15
79 32
79 34
79 41
79 44
79 47
79 48
79 50
79 53
79 56
79 63
79 67
79 68
79 76
80 0
80 3
80 5
80 6
80 11
80 12
80 13
80 16
80 18
80 19
80 20
80 30
80 31
80 33
80 37
80 41
80 42
80 44
80 49
80 51
80 52
80 55
80 60
80 61
80 68
81 3
81 5
81 9
81 18
81 29
81 32
81 36
81 39
81 40
81 41
81 56
81 57
81 61
81 63
81 68
81 69
81 74
81 79
81 80
82 5
82 10
82 13
82 18
82 22
82 23
82 25
82 29
82 34
82 38
82 45
82 50
82 55
82 67
82 71
82 76
82 79
82 81
83 0
83 2
83 11
83 19
83 26
83 29
83 30
83 31
83 36
83 37
83 38
83 48
83 49
83 51
83 66
83 69
83 73
83 80
83 81
84 3
84 5
84 12
84 18
84 20
84 23
84 29
84 32
84 33
84 35
84 37
84 42
84 44
84 48
84 49
84 50
84 54
84 66
84 74
84 77
85 0
85 2
85 12
85 18
85 22
85 25
85 27
85 35
85 36
85 37
85 41
85 44
85 46
85 50
85 51
85 53
85 56
85 63
85 66
85 69
85 74
85 79
85 84
86 0
86 6
86 11
86 13
86 15
86 16
86 22
86 23
86 25
86 30
86 36
86 37
86 38
86 39
86 40
86 44
86 47
86 53
86 60
86 61
86 70
86 74
86 75
86 79
86 81
86 84
87 3
87 5
87 9
87 17
87 19
87 23
87 26
87 28
87 31
87 33
87 42
87 45
87 47
87 52
87 61
87 62
87 63
87 70
87 75
87 81
87 82
87 86
88 8
88 13
88 14
88 20
88 25
88 33
88 35
88 44
88 46
88 48
88 50
88 53
88 56
88 60
88 69
88 70
88 78
88 87
89 0
89 1
89 9
89 20
89 25
89 27
89 28
89 29
89 30
89 34
89 38
89 55
89 57
89 65
89 66
89 69
89 71
89 81
