55
165
2 1
3 2
4 0
8 1
8 7
9 2
9 5
9 8
10 6
10 8
11 5
11 7
11 10
12 4
12 8
12 10
13 0
13 3
14 6
14 7
14 11
15 2
15 9
15 12
15 13
16 15
17 10
17 16
18 1
18 6
18 11
18 14
19 2
19 5
20 2
20 19
21 5
21 9
22 13
23 10
23 14
23 19
25 3
25 19
26 6
26 8
27 0
27 8
27 17
27 21
27 22
27 24
28 5
28 8
28 24
28 27
29 2
29 21
30 15
30 17
31 3
32 5
32 7
32 11
32 16
33 1
33 5
34 9
34 19
35 8
35 15
35 19
35 32
36 14
36 22
37 0
37 10
37 11
37 33
37 35
38 0
38 2
38 6
38 34
39 22
40 23
40 29
40 32
40 35
41 6
41 15
41 20
41 24
41 29
41 30
42 1
42 2
42 28
42 40
43 3
43 13
43 16
43 29
43 39
43 41
44 10
44 11
44 30
44 31
44 34
44 37
44 42
45 1
45 12
45 33
45 41
46 0
46 12
46 19
46 26
46 32
46 33
46 35
47 1
47 10
47 20
47 22
48 8
48 17
48 26
48 39
49 4
49 17
49 22
49 36
49 41
50 9
50 14
50 29
50 35
50 42
50 48
51 15
51 20
51 30
51 36
51 48
52 13
52 16
52 20
52 21
52 31
53 4
53 5
53 27
53 28
53 46
53 47
54 11
54 17
54 28
54 37
54 46
54 49
54 51
