30
100
3 0
3 1
4 2
5 1
6 1
7 6
8 7
10 2
10 4
11 2
13 4
13 8
13 9
13 11
14 0
14 1
14 2
14 7
14 11
14 12
15 5
15 9
15 13
15 14
16 0
16 10
17 1
17 3
17 4
17 6
17 9
18 1
18 7
19 4
19 8
19 15
19 17
19 18
20 3
20 8
20 11
21 13
21 16
21 19
21 20
22 0
22 2
22 4
22 5
22 8
22 9
22 11
22 16
22 19
22 20
22 21
23 0
23 1
23 7
23 8
23 21
24 1
24 5
24 15
24 19
24 21
25 1
25 5
25 6
25 7
25 11
25 15
25 17
25 24
26 1
26 4
26 6
26 9
26 10
26 12
26 19
26 20
27 1
27 4
27 6
27 12
27 13
27 21
27 22
27 23
28 6
28 10
28 21
28 27
29 6
29 11
29 14
29 15
29 16
29 23
