100
550
1 0
2 0
4 2
4 3
6 4
8 3
9 6
10 8
11 1
11 6
13 1
13 12
16 1
16 8
16 14
17 15
18 3
18 6
18 16
19 13
21 6
21 11
21 14
21 16
21 17
22 1
22 12
22 18
23 3
23 5
23 22
24 9
24 10
24 15
24 19
25 9
25 12
25 17
26 6
26 7
26 10
27 1
27 19
28 3
28 8
28 15
28 19
28 22
29 8
29 14
29 18
29 25
29 26
30 7
30 9
30 12
30 17
30 19
30 26
31 0
31 8
31 10
32 10
32 28
32 30
33 3
33 18
33 21
33 28
34 18
34 22
34 28
35 14
35 20
35 26
35 31
36 6
36 12
36 20
36 28
36 29
37 30
38 2
38 12
38 13
38 17
38 19
38 26
39 16
39 17
39 20
39 30
40 2
40 12
40 14
40 19
40 20
40 32
40 38
41 21
41 34
42 13
43 11
43 14
43 41
45 8
45 14
45 26
45 36
45 40
45 43
46 12
47 3
47 5
47 25
47 43
48 12
48 18
48 20
48 21
48 28
48 33
48 44
49 0
49 4
49 8
49 9
49 11
49 22
49 24
49 31
49 44
50 0
50 12
50 23
50 28
50 30
50 47
51 2
51 3
51 4
51 8
51 10
51 14
51 16
51 19
51 40
52 9
52 27
52 34
52 39
52 40
52 47
53 3
53 7
53 11
53 22
53 29
53 34
53 35
53 37
53 40
53 42
53 46
53 48
54 0
54 6
54 16
54 30
54 31
54 37
54 41
54 42
55 5
55 10
55 24
55 30
55 31
55 35
55 42
55 48
56 3
56 10
56 38
56 41
56 46
56 50
57 12
57 16
57 21
57 31
57 34
57 46
57 50
58 7
58 17
58 37
58 41
59 6
59 28
59 31
59 32
59 34
59 36
59 38
60 16
60 21
60 28
60 44
60 52
61 11
61 16
61 17
61 35
61 56
62 32
62 34
62 46
63 3
63 11
63 34
63 35
63 36
63 37
63 38
63 40
63 58
64 18
64 20
64 45
64 50
64 52
64 57
64 60
65 6
65 10
65 28
65 45
65 47
65 61
65 64
66 8
66 10
66 13
66 25
66 43
66 64
67 7
67 8
67 11
67 24
68 6
68 8
68 12
68 18
68 21
68 23
68 26
68 35
68 53
68 55
68 56
68 58
68 67
69 2
69 6
69 7
69 38
69 45
69 52
69 64
70 1
70 11
70 15
70 16
70 17
70 19
70 28
70 42
70 44
70 53
71 3
71 10
71 29
71 31
71 54
72 2
72 6
72 13
72 26
72 27
72 28
72 41
72 47
72 62
72 66
72 67
72 69
73 26
73 44
74 11
74 23
74 38
74 40
74 53
74 65
74 71
74 72
75 1
75 14
75 31
75 35
75 38
75 43
75 44
75 53
75 68
76 7
76 38
76 40
76 52
77 4
77 27
77 29
77 43
77 46
77 56
77 58
77 70
78 1
78 5
78 14
78 24
78 26
78 38
78 56
78 57
78 64
78 77
79 5
79 8
79 17
79 18
79 33
79 40
79 43
79 45
79 52
79 57
79 69
79 70
80 7
80 20
80 36
80 37
80 60
80 62
80 71
80 72
80 77
81 0
81 18
81 20
81 43
81 53
81 59
81 77
82 22
82 38
82 40
82 42
82 43
82 54
82 70
82 75
82 78
83 0
83 1
83 14
83 21
83 22
83 24
83 28
83 37
83 42
83 48
83 58
83 61
83 68
83 70
84 4
84 7
84 21
84 32
84 34
84 38
84 46
84 50
84 55
84 62
84 67
84 73
85 23
85 33
85 48
85 55
85 60
85 64
85 70
85 73
86 2
86 8
86 13
86 34
86 42
86 45
86 64
86 70
86 73
86 77
86 83
87 23
87 26
87 28
87 35
87 47
87 53
88 3
88 25
88 27
88 35
88 55
88 57
88 59
88 60
88 63
88 68
88 82
89 8
89 13
89 22
89 34
89 38
89 42
89 45
89 58
89 67
89 78
90 4
90 6
90 10
90 11
90 26
90 35
90 36
90 47
90 53
90 81
90 87
91 16
91 18
91 25
91 44
91 65
91 82
92 8
92 32
92 41
92 43
92 54
92 60
92 78
92 81
92 87
93 14
93 24
93 38
93 49
93 51
93 63
93 82
93 85
93 87
93 88
93 91
94 2
94 3
94 4
94 8
94 22
94 40
94 41
94 53
94 54
94 58
94 89
95 7
95 31
95 33
95 45
95 58
95 60
95 62
95 68
95 70
95 79
95 81
95 91
95 94
96 2
96 9
96 16
96 20
96 28
96 38
96 42
96 44
96 45
96 48
96 57
96 71
96 72
96 95
97 0
97 4
97 27
97 38
97 46
97 48
97 51
97 54
97 59
97 60
97 63
97 73
97 79
97 86
98 13
98 20
98 24
98 29
98 32
98 84
99 2
99 29
99 32
99 34
99 49
99 54
99 93
