90
720
5 2
7 3
7 5
8 0
8 5
10 1
10 6
10 8
11 0
11 2
11 4
12 0
12 4
12 5
12 9
13 2
13 8
14 3
14 5
14 10
14 11
15 1
15 6
15 7
15 10
16 2
16 4
16 9
16 14
16 15
17 4
17 13
18 1
18 6
18 7
18 12
18 16
19 1
19 2
19 5
19 18
20 1
20 3
20 8
20 11
20 17
21 4
21 6
21 10
21 11
21 12
21 15
22 1
22 5
22 10
22 17
23 0
23 5
23 10
23 17
23 21
24 19
25 12
25 24
26 0
26 4
26 5
26 8
26 11
26 14
26 16
27 1
27 10
27 17
27 25
28 7
28 9
28 19
28 21
29 6
29 10
29 13
29 19
29 24
30 3
30 4
30 7
30 8
30 11
30 12
30 20
30 21
31 1
31 9
31 10
31 14
31 16
31 19
31 25
31 28
32 1
32 5
32 11
32 21
32 24
32 26
33 1
33 3
33 6
33 10
33 18
33 20
34 8
34 16
34 21
34 24
34 29
34 30
35 17
35 24
35 27
36 1
36 16
36 27
36 28
36 30
36 31
37 5
37 9
37 10
37 15
37 28
37 29
38 0
38 2
38 4
38 7
38 15
38 19
38 21
38 31
38 34
39 7
39 9
39 12
39 14
39 18
39 19
39 22
40 1
40 6
40 9
40 11
40 14
40 15
40 26
40 27
40 32
40 34
40 38
41 5
41 6
41 32
41 33
41 37
42 1
42 6
42 8
42 17
42 18
42 22
42 26
42 27
42 28
42 36
42 37
42 38
43 3
43 5
43 19
43 32
44 0
44 1
44 2
44 7
44 10
44 12
44 13
44 15
44 18
44 20
44 28
44 30
44 34
44 36
44 42
45 1
45 4
45 5
45 8
45 11
45 21
45 31
45 42
46 1
46 4
46 13
46 25
46 32
46 41
47 6
47 10
47 11
47 24
47 29
47 36
47 38
47 40
47 42
47 44
48 1
48 12
48 14
48 26
48 37
48 42
48 44
49 4
49 8
49 23
49 31
49 33
49 38
49 41
49 42
49 43
49 44
50 7
50 11
50 14
50 17
50 26
50 27
50 33
50 38
50 39
50 41
50 46
50 49
51 0
51 4
51 7
51 18
51 27
51 28
51 40
51 43
51 48
52 18
52 22
52 25
52 29
52 40
53 8
53 14
53 26
53 29
53 41
53 42
53 48
53 51
54 0
54 6
54 9
54 10
54 11
54 22
54 28
54 32
54 36
54 38
54 44
54 45
55 0
55 6
55 8
55 12
55 27
55 29
55 30
55 32
55 39
55 40
55 44
55 48
55 50
55 52
56 0
56 9
56 14
56 22
56 29
56 34
56 38
56 39
56 42
56 43
56 44
56 51
56 52
56 55
57 2
57 3
57 10
57 11
57 27
57 37
57 42
57 51
57 52
58 7
58 18
58 22
58 31
58 37
58 41
58 47
58 55
59 1
59 4
59 11
59 27
59 35
59 41
59 46
59 52
59 57
59 58
60 6
60 9
60 18
60 22
60 25
60 28
60 29
60 30
60 52
60 55
60 56
61 1
61 5
61 18
61 54
61 57
62 1
62 20
62 22
62 26
62 28
62 31
62 45
62 54
62 55
62 59
63 7
63 10
63 20
63 21
63 23
63 29
63 33
63 36
63 37
63 57
64 2
64 3
64 4
64 7
64 9
64 10
64 16
64 23
64 25
64 30
64 37
64 46
64 49
64 54
64 55
64 56
64 62
65 7
65 12
65 14
65 17
65 19
65 23
65 29
65 36
65 40
65 42
65 48
65 58
65 62
65 63
66 3
66 4
66 32
66 37
66 38
66 47
67 3
67 5
67 7
67 18
67 21
67 33
67 36
67 38
67 42
67 55
67 59
68 10
68 12
68 16
68 19
68 30
68 36
68 46
69 12
69 20
69 26
69 47
70 5
70 6
70 9
70 15
70 25
70 27
70 30
70 32
70 33
70 35
70 37
70 48
70 52
70 55
70 57
70 61
70 67
71 0
71 15
71 30
71 37
71 42
71 44
71 46
71 57
71 60
71 63
71 65
71 67
71 68
72 2
72 12
72 15
72 18
72 19
72 23
72 24
72 28
72 32
72 47
72 51
72 54
72 56
72 59
72 61
72 66
72 70
73 7
73 17
73 18
73 37
73 41
73 56
73 72
74 3
74 10
74 15
74 18
74 22
74 26
74 27
74 33
74 34
74 48
74 52
74 58
74 64
74 69
75 11
75 22
75 31
75 36
75 41
75 45
75 47
75 56
75 59
75 62
75 65
76 13
76 16
76 20
76 21
76 24
76 35
76 38
76 40
76 42
76 43
76 44
76 51
76 54
76 64
77 1
77 6
77 8
77 12
77 25
77 35
77 36
77 43
77 49
77 52
77 54
77 55
77 62
77 66
77 76
78 0
78 6
78 9
78 11
78 18
78 20
78 21
78 22
78 30
78 42
78 48
78 49
78 53
78 60
78 72
79 6
79 11
79 12
79 23
79 29
79 32
79 37
79 38
79 42
79 51
79 65
79 67
79 71
80 1
80 9
80 10
80 12
80 15
80 16
80 17
80 22
80 32
80 35
80 47
80 68
80 75
81 1
81 5
81 9
81 11
81 17
81 18
81 23
81 26
81 28
81 31
81 34
81 41
81 63
81 69
81 70
81 75
82 12
82 18
82 20
82 21
82 28
82 30
82 31
82 47
82 57
82 59
82 60
82 63
82 66
82 78
82 79
83 3
83 4
83 8
83 11
83 19
83 21
83 29
83 30
83 35
83 36
83 37
83 43
83 46
83 58
83 61
83 63
83 68
83 73
83 74
83 77
84 5
84 8
84 9
84 27
84 38
84 39
84 41
84 47
84 50
84 54
85 4
85 9
85 12
85 20
85 23
85 26
85 33
85 34
85 36
85 50
85 51
85 63
85 66
85 80
86 5
86 9
86 10
86 14
86 20
86 29
86 34
86 40
86 42
86 63
86 67
86 68
86 70
86 74
87 3
87 4
87 5
87 11
87 14
87 25
87 29
87 36
87 37
87 45
87 46
87 56
87 64
87 66
87 75
87 77
87 79
88 0
88 9
88 15
88 23
88 29
88 30
88 34
88 40
88 42
88 48
88 57
88 59
88 63
88 77
88 80
88 82
89 9
89 10
89 11
89 28
89 30
89 37
89 44
89 45
89 46
89 47
89 60
89 68
89 69
89 74
89 77
89 79
