45
90
3 0
8 5
10 2
13 1
14 13
15 1
15 12
16 13
17 2
17 12
17 13
17 14
18 8
19 1
19 3
19 13
20 3
20 4
20 8
20 10
20 13
21 10
21 11
22 12
23 8
23 17
24 4
25 13
26 9
26 25
27 16
27 24
28 15
28 22
28 23
29 4
29 23
30 1
30 3
30 4
30 23
31 9
31 22
32 1
32 5
32 11
32 14
32 20
33 1
33 21
33 22
33 31
34 21
34 25
35 4
35 19
35 23
36 6
36 7
36 8
36 13
36 17
36 21
37 7
37 15
37 18
37 31
37 35
38 8
38 24
39 6
39 18
39 27
40 0
40 7
40 36
41 7
41 22
41 24
41 27
42 20
42 22
42 37
43 13
43 36
44 3
44 20
44 25
44 40
44 42
