30
150
2 0
2 1
4 1
4 3
5 0
5 1
5 4
6 3
7 2
7 4
7 5
8 0
8 4
8 6
9 4
9 6
10 0
10 4
11 5
11 7
11 8
12 0
12 2
12 4
12 5
12 7
12 8
12 10
13 0
13 1
13 3
13 4
13 6
13 10
14 2
14 3
14 4
14 5
14 8
14 10
15 0
15 1
15 4
15 6
15 9
15 12
16 3
16 4
16 8
16 13
16 14
17 0
17 7
17 8
17 11
18 3
18 4
18 6
18 11
18 17
19 0
19 6
19 8
19 11
19 15
19 16
19 17
19 18
20 0
20 3
20 4
20 6
20 7
20 14
20 15
20 17
20 18
20 19
21 0
21 3
21 4
21 6
21 8
21 13
21 15
21 18
22 4
22 11
22 12
22 13
22 16
23 0
23 1
23 5
23 7
23 9
23 14
23 17
23 21
24 1
24 7
24 8
24 13
24 15
24 18
25 1
25 4
25 6
25 9
25 11
25 13
25 15
25 18
25 21
25 24
26 5
26 8
26 9
26 11
26 18
26 22
27 2
27 4
27 7
27 9
27 10
27 11
27 12
27 13
27 17
27 18
28 0
28 1
28 2
28 4
28 5
28 6
28 13
28 18
28 19
28 20
29 2
29 5
29 7
29 14
29 15
29 17
29 21
29 22
29 26
