90
135
2 0
7 5
9 1
14 8
18 7
19 4
22 4
22 15
24 10
25 24
26 14
26 16
26 25
27 7
28 16
29 14
30 25
31 1
31 11
31 19
31 22
33 2
33 15
33 29
34 15
34 18
35 20
36 11
36 14
36 29
36 32
37 12
38 24
39 6
39 8
39 23
39 25
39 26
39 36
40 12
40 34
41 0
41 3
41 27
41 31
42 41
43 4
44 12
44 29
46 19
47 19
47 41
48 47
51 21
51 28
52 6
53 18
53 31
53 41
56 23
56 34
57 1
57 14
58 22
58 25
59 40
60 36
61 7
62 13
62 31
62 56
63 27
63 43
63 60
64 39
64 52
65 20
65 26
65 40
65 63
65 64
66 0
67 17
67 18
67 27
69 53
70 21
70 53
70 68
71 39
71 69
72 11
72 45
73 49
74 1
74 51
75 24
76 1
76 9
76 73
77 0
77 24
78 7
78 30
78 49
79 17
79 26
79 38
80 37
80 53
80 55
80 65
81 39
81 40
81 80
82 24
82 26
82 43
82 50
82 53
82 76
83 41
84 2
84 26
84 54
85 10
86 7
86 8
86 17
87 9
87 43
87 61
88 28
88 52
89 53
