80
640
4 0
5 0
5 1
5 2
7 5
8 1
8 2
8 3
8 6
9 3
9 7
10 0
10 5
10 6
11 2
11 4
11 9
12 9
13 5
13 11
14 2
14 4
14 8
14 11
14 13
15 0
15 1
15 3
15 10
15 11
16 0
16 2
16 4
16 8
16 12
17 1
17 6
17 9
17 15
18 14
19 1
19 2
19 3
19 5
19 7
19 11
19 12
19 14
19 17
20 0
20 2
20 3
20 4
20 9
20 12
20 13
20 17
21 0
21 1
21 5
21 7
21 8
21 9
21 11
21 19
22 1
22 2
22 8
22 9
22 16
22 19
23 2
24 4
24 8
24 9
24 21
25 20
25 21
26 2
26 5
26 13
26 16
26 25
27 1
27 5
27 12
27 14
27 15
27 16
28 17
28 19
28 23
28 24
29 0
29 7
29 18
29 28
30 14
30 15
30 19
30 23
30 25
31 0
31 6
31 12
31 16
31 17
31 29
32 0
32 1
32 5
32 9
32 12
32 23
32 25
32 31
33 5
33 7
33 8
33 9
33 10
33 12
33 13
33 16
33 32
34 16
34 26
34 28
34 33
35 1
35 2
35 13
35 24
36 0
36 6
36 9
36 12
36 15
36 23
36 27
36 34
37 4
37 10
37 17
37 29
37 31
37 34
38 0
38 3
38 4
38 5
38 9
38 13
38 14
38 25
38 36
39 6
39 12
39 16
39 29
39 31
39 33
39 35
40 3
40 9
40 15
40 23
40 26
40 27
40 32
40 39
41 0
41 4
41 7
41 10
41 13
41 17
41 24
41 25
41 28
41 36
41 40
42 3
42 25
42 29
42 31
43 12
43 15
43 16
43 17
43 22
43 23
43 29
43 36
43 41
44 1
44 2
44 4
44 10
44 14
44 20
44 22
44 23
44 29
44 32
44 38
45 3
45 6
45 16
45 19
45 22
45 30
46 1
46 14
46 15
46 16
46 24
46 25
46 32
46 33
46 35
46 38
46 41
46 45
47 4
47 5
47 10
47 11
47 23
47 26
47 31
47 34
47 35
47 37
47 42
47 45
47 46
48 4
48 5
48 9
48 13
48 14
48 19
48 26
48 27
48 30
48 34
48 43
49 4
49 5
49 6
49 7
49 15
49 19
49 22
49 23
49 25
49 35
49 36
49 38
49 42
50 4
50 5
50 10
50 20
50 27
50 41
50 43
50 45
50 48
51 5
51 10
51 14
51 16
51 21
51 23
51 44
51 47
52 0
52 2
52 3
52 16
52 27
52 28
52 33
52 44
53 2
53 6
53 19
53 28
53 31
53 41
53 44
53 46
53 48
54 0
54 4
54 27
54 30
54 35
54 38
54 48
54 50
55 1
55 2
55 3
55 6
55 11
55 14
55 21
55 27
55 28
55 29
55 32
55 37
55 40
55 43
55 45
56 0
56 1
56 4
56 11
56 19
56 23
56 24
56 27
56 35
56 36
56 37
56 40
56 44
56 45
57 0
57 10
57 18
57 24
57 25
57 26
57 27
57 37
57 41
57 42
57 47
58 0
58 2
58 4
58 13
58 14
58 15
58 20
58 22
58 24
58 29
58 32
58 39
58 40
58 45
58 48
58 51
58 55
59 0
59 13
59 14
59 15
59 22
59 24
59 31
59 36
59 45
60 4
60 5
60 7
60 11
60 13
60 25
60 39
60 40
60 41
61 0
61 11
61 26
61 27
61 30
61 31
61 36
61 44
61 53
62 0
62 2
62 20
62 21
62 30
62 36
62 40
62 61
63 1
63 8
63 19
63 22
63 24
63 30
63 35
63 39
63 47
63 57
63 60
64 0
64 4
64 6
64 10
64 17
64 20
64 24
64 25
64 32
64 42
64 61
65 0
65 5
65 8
65 25
65 26
65 32
65 39
65 40
65 47
65 50
65 51
65 53
65 54
65 57
65 63
66 3
66 4
66 5
66 10
66 31
66 32
66 35
66 55
67 6
67 7
67 14
67 22
67 23
67 24
67 31
67 37
67 39
67 40
67 43
67 44
67 46
67 57
67 59
68 11
68 20
68 21
68 33
68 34
68 43
68 49
68 54
68 56
69 1
69 4
69 19
69 23
69 24
69 32
69 34
69 37
69 42
69 44
69 57
69 64
69 68
70 6
70 11
70 15
70 28
70 31
70 34
70 40
70 42
70 44
70 56
70 57
70 64
70 66
71 1
71 5
71 7
71 11
71 15
71 34
71 41
71 43
71 46
71 49
71 53
71 62
71 66
71 69
72 1
72 14
72 17
72 33
72 39
72 43
72 57
72 58
72 61
72 62
72 64
73 0
73 1
73 5
73 6
73 10
73 12
73 14
73 25
73 28
73 31
73 36
73 37
73 42
73 45
73 47
73 52
73 54
73 60
73 67
74 2
74 8
74 11
74 14
74 15
74 16
74 19
74 20
74 26
74 30
74 33
74 35
74 36
74 38
74 39
74 44
74 51
74 52
74 58
74 59
74 66
74 69
75 0
75 3
75 5
75 6
75 7
75 13
75 14
75 15
75 23
75 32
75 34
75 41
75 44
75 54
75 60
75 69
75 70
75 71
76 5
76 11
76 14
76 19
76 22
76 24
76 25
76 30
76 32
76 41
76 44
76 48
76 61
76 72
76 73
77 0
77 8
77 18
77 22
77 26
77 27
77 32
77 36
77 37
77 38
77 41
77 44
77 46
77 49
77 54
77 66
77 69
78 6
78 11
78 14
78 17
78 30
78 34
78 37
78 38
78 40
78 47
78 59
78 73
78 74
78 76
78 77
79 0
79 15
79 21
79 22
79 31
79 35
79 37
79 41
79 42
79 44
79 50
79 51
79 57
79 59
79 63
79 72
79 73
79 75
79 77
