40
200
1 0
3 0
4 1
4 3
5 0
5 1
6 0
6 1
6 2
7 1
7 5
8 2
9 3
9 4
9 7
10 3
10 5
10 8
11 2
11 3
11 5
12 0
12 4
12 8
12 9
13 1
13 4
13 6
13 8
13 9
13 12
14 4
14 7
14 8
15 2
15 12
16 4
16 10
16 13
16 15
17 13
17 16
18 1
18 5
18 8
18 10
18 12
18 13
19 8
19 12
19 16
19 17
20 4
20 5
20 6
20 13
20 14
20 15
20 16
21 1
21 12
21 20
22 1
22 3
22 10
22 15
22 16
22 20
23 13
23 17
23 20
24 1
24 4
24 9
24 10
24 12
24 13
25 0
25 4
25 5
25 7
25 8
25 10
25 11
25 23
26 7
26 9
26 11
26 13
26 16
26 22
27 0
27 5
27 11
27 13
27 15
27 20
27 25
28 2
28 3
28 14
28 16
28 17
28 22
28 25
28 26
28 27
29 1
29 3
29 5
29 7
29 11
29 12
29 16
29 22
29 28
30 8
30 9
30 12
30 15
30 16
30 29
31 3
31 8
31 10
31 14
32 1
32 3
32 5
32 11
32 13
32 15
32 18
32 23
32 27
32 29
33 0
33 7
33 9
33 11
33 13
33 19
33 22
34 2
34 4
34 14
34 17
34 18
34 24
34 27
34 31
34 33
35 0
35 1
35 6
35 7
35 10
35 13
35 18
35 23
35 24
35 27
35 29
36 7
36 8
36 9
36 10
36 11
36 12
36 15
36 16
36 18
36 21
36 23
36 25
36 34
37 1
37 6
37 19
37 30
37 32
37 33
37 36
38 1
38 3
38 11
38 22
38 26
38 36
39 8
39 9
39 10
39 12
39 13
39 18
39 19
39 20
39 25
39 28
39 38
