70
210
5 0
7 3
10 1
10 6
11 0
11 1
11 9
12 2
12 6
13 10
14 0
14 7
15 5
15 10
15 13
16 13
17 4
18 8
18 9
18 14
19 0
19 3
19 12
19 16
20 16
20 19
21 6
22 13
22 14
22 20
24 8
24 20
25 6
25 7
26 2
26 5
26 7
26 24
26 25
27 2
27 12
29 12
29 24
31 24
32 8
32 11
32 29
33 7
33 9
35 0
35 1
35 10
35 11
35 31
36 6
36 22
36 31
36 35
37 26
38 19
38 22
39 34
40 3
40 30
41 8
41 9
41 14
41 20
41 29
41 40
42 1
42 10
43 0
43 7
43 12
43 24
43 26
43 32
43 36
44 12
44 41
45 2
45 10
45 13
45 14
45 16
45 25
46 9
46 18
46 22
46 28
47 0
47 10
47 21
47 24
47 37
47 39
47 44
48 0
48 4
48 8
48 11
48 16
48 24
49 3
49 15
49 34
50 23
50 33
50 40
51 23
51 30
51 37
51 41
52 1
52 19
52 30
52 37
52 38
52 48
53 26
53 35
53 37
54 2
54 3
54 51
55 4
55 17
55 21
55 37
55 50
55 51
56 9
56 14
56 24
56 38
56 44
56 47
56 52
57 2
57 13
57 52
58 13
58 16
58 28
58 34
59 0
59 16
59 25
59 31
59 33
59 35
59 36
59 54
59 58
60 2
60 6
60 15
60 29
61 1
61 2
61 4
61 7
61 10
61 33
61 34
61 36
61 59
62 5
62 22
62 28
62 54
63 8
63 27
63 44
63 46
63 53
63 57
64 36
64 37
64 59
65 19
65 26
65 35
65 39
65 49
66 1
66 17
66 25
66 27
66 62
67 5
67 6
67 17
67 51
68 1
68 3
68 7
68 9
68 22
68 32
68 35
68 36
68 56
69 9
69 14
69 23
69 47
69 51
69 64
