90
585
1 0
6 2
6 3
7 2
7 4
10 0
10 3
10 4
10 6
11 0
11 7
12 4
13 3
13 5
13 7
13 8
13 9
13 11
14 6
14 8
14 9
15 9
16 0
16 2
16 3
16 7
16 11
17 1
17 16
18 0
18 2
18 9
18 12
19 13
20 0
20 2
20 4
20 7
21 3
21 9
21 12
22 13
23 3
24 14
25 6
25 17
25 23
26 3
26 7
26 24
27 4
27 6
27 7
27 9
27 13
27 23
27 26
28 18
29 10
29 16
29 20
29 26
30 0
30 5
30 7
30 9
30 17
30 19
31 5
31 6
31 13
31 21
31 26
31 27
32 0
32 7
32 24
32 28
33 3
33 6
33 10
33 20
33 27
33 30
34 5
34 20
34 22
34 28
35 16
35 18
35 21
35 33
35 34
36 10
36 19
36 28
36 34
37 2
37 6
37 7
37 8
37 9
37 12
37 15
37 17
37 19
37 20
37 25
37 29
37 32
37 33
38 10
38 20
38 30
38 33
39 5
39 20
39 30
39 31
39 33
39 34
39 35
39 37
40 6
40 12
40 16
40 26
40 39
41 6
41 19
41 34
42 1
42 7
42 11
42 41
43 10
43 36
44 2
44 6
44 12
44 13
44 26
44 27
44 40
45 20
45 22
45 38
46 7
46 42
47 3
47 8
47 10
47 19
47 24
47 30
47 33
47 35
47 40
47 41
47 43
48 3
48 8
48 22
48 24
48 30
48 31
49 9
49 18
49 27
49 37
50 7
50 24
50 38
51 0
51 15
51 17
51 25
51 28
51 36
51 44
51 49
52 3
52 5
52 8
52 11
52 19
52 27
52 32
52 39
52 45
53 12
53 16
53 29
53 31
53 36
53 40
53 52
54 2
54 14
54 18
54 23
54 24
54 37
54 40
54 41
54 48
55 2
55 9
55 27
55 32
55 45
56 0
56 5
56 12
56 17
56 19
56 30
56 38
56 40
56 45
56 48
56 53
56 55
57 0
57 1
57 10
57 21
57 25
57 41
57 53
58 1
58 4
58 13
58 15
58 26
58 32
58 36
58 50
59 11
59 16
59 19
59 23
59 28
59 39
59 43
59 44
59 46
59 54
59 58
60 3
60 7
60 8
60 10
60 20
60 23
60 28
60 29
60 42
60 48
60 54
61 15
61 16
61 22
61 24
61 40
61 45
61 50
61 54
61 57
62 15
62 18
62 20
62 22
62 23
62 36
62 39
62 59
62 60
63 11
63 23
63 40
63 41
63 42
63 45
63 50
63 61
64 1
64 8
64 28
64 30
64 35
64 37
64 40
64 46
64 51
64 52
64 53
64 56
65 3
65 6
65 8
65 9
65 10
65 16
65 20
65 21
65 38
65 40
65 50
65 51
65 54
65 55
65 57
65 58
66 1
66 2
66 4
66 5
66 10
66 20
66 29
66 34
66 35
66 39
66 54
66 55
66 57
66 61
67 8
67 17
67 28
67 29
67 31
67 46
67 49
67 51
67 54
67 55
67 57
67 60
67 66
68 5
68 10
68 20
68 39
68 41
68 45
68 47
68 62
68 67
69 5
69 16
69 24
69 27
69 29
69 40
70 1
70 9
70 16
70 18
70 22
70 26
70 34
70 39
70 40
70 43
70 51
70 59
70 65
71 10
71 11
71 14
71 20
71 27
71 29
71 31
71 32
71 33
71 38
71 46
71 50
71 53
71 60
71 63
71 69
71 70
72 1
72 13
72 15
72 16
72 21
72 27
72 39
72 47
72 53
72 60
72 61
72 66
73 5
73 13
73 22
73 25
73 31
73 33
73 59
73 61
73 64
73 68
74 2
74 3
74 5
74 12
74 19
74 28
74 31
74 34
74 39
74 50
74 60
74 61
74 64
74 65
74 68
74 69
74 72
75 10
75 17
75 26
75 36
75 48
75 49
75 50
75 51
75 56
75 58
75 64
75 65
76 7
76 14
76 31
76 33
76 34
76 44
76 46
76 53
76 57
76 59
76 68
76 69
76 71
76 72
77 3
77 21
77 24
77 42
77 43
77 52
77 58
77 69
78 6
78 10
78 13
78 19
78 21
78 23
78 47
78 50
78 67
79 6
79 17
79 25
79 36
79 43
79 53
79 63
79 66
79 68
79 70
80 0
80 6
80 7
80 20
80 28
80 43
80 45
80 49
80 51
80 53
80 56
81 0
81 11
81 13
81 15
81 26
81 28
81 29
81 36
81 38
81 47
81 61
81 73
82 6
82 19
82 22
82 24
82 38
82 50
82 61
82 68
82 77
82 81
83 0
83 2
83 6
83 12
83 18
83 46
83 56
84 23
84 27
84 42
84 62
84 72
84 81
85 7
85 14
85 16
85 18
85 36
85 39
85 47
85 49
85 55
85 69
85 81
86 2
86 6
86 14
86 17
86 21
86 22
86 49
86 50
86 57
86 58
86 72
87 2
87 10
87 16
87 17
87 18
87 21
87 30
87 32
87 39
87 45
87 46
87 54
87 71
87 76
87 79
87 83
88 3
88 4
88 17
88 18
88 33
88 35
88 41
88 51
88 62
88 69
88 78
88 86
89 1
89 27
89 32
89 49
89 52
89 58
89 59
89 63
89 67
89 73
89 82
