95
400
2 1
9 1
10 3
10 8
11 1
11 2
12 6
13 3
14 3
14 9
15 2
15 6
16 6
16 8
16 15
17 9
18 1
19 0
19 1
19 9
19 12
21 8
21 11
22 12
23 1
23 7
23 20
27 26
28 7
29 6
29 9
29 14
29 21
30 20
31 12
32 4
32 8
33 6
33 30
34 2
34 7
34 20
34 28
35 3
35 11
36 15
37 20
37 25
38 12
39 19
40 0
40 1
40 5
41 30
41 32
41 37
41 39
43 5
43 12
44 12
44 22
44 35
44 36
44 43
45 23
45 28
45 31
45 43
46 28
46 29
46 37
46 40
46 45
47 7
47 13
47 29
47 42
48 10
48 12
48 18
48 23
48 25
48 41
49 0
49 5
49 11
49 14
49 15
49 25
49 34
49 35
49 36
49 41
49 43
50 2
50 7
50 14
50 15
50 23
50 27
50 33
50 44
51 6
51 35
52 28
52 36
52 46
52 51
53 18
53 32
53 52
54 24
55 4
55 5
55 6
55 8
55 12
55 39
55 43
56 23
56 28
56 29
56 37
56 42
56 43
57 3
57 7
57 11
57 18
57 23
57 34
57 35
57 45
58 3
58 27
58 33
58 36
58 42
58 43
58 49
59 13
59 28
59 32
59 34
59 38
59 44
59 52
59 56
60 5
60 7
60 21
60 24
60 29
60 49
60 52
61 11
61 16
61 22
61 34
61 37
61 38
61 59
62 29
62 32
62 43
62 56
62 59
62 61
63 8
63 9
63 20
63 39
63 41
64 32
64 45
64 55
65 7
65 22
65 54
65 62
66 7
66 27
66 28
66 39
66 40
66 43
66 49
67 2
67 4
67 19
68 19
68 26
68 36
68 43
68 51
68 60
69 1
69 8
69 23
69 29
69 51
69 53
70 7
70 13
70 31
70 38
70 52
70 61
71 1
71 3
71 47
71 50
71 65
72 1
72 9
72 20
72 28
72 31
72 40
72 58
72 67
73 12
73 17
73 25
73 31
73 32
73 41
73 57
73 66
73 71
74 28
74 38
74 49
74 72
75 8
75 15
75 34
75 35
75 53
75 59
75 74
76 15
76 20
76 24
76 44
76 50
76 65
76 71
76 74
77 24
77 27
77 29
77 31
77 44
77 47
77 49
77 50
77 51
77 75
77 76
78 19
78 28
78 48
78 54
78 56
78 57
78 74
79 1
79 15
79 40
79 46
79 49
79 63
79 78
80 9
80 19
80 22
80 32
80 56
80 67
81 12
81 13
81 18
81 21
81 22
81 54
81 56
81 58
81 78
82 4
82 18
82 53
82 67
83 16
83 22
83 60
83 73
84 4
84 6
84 14
84 17
84 26
84 27
84 31
84 37
84 39
84 40
84 46
84 47
84 48
84 62
85 12
85 34
85 46
85 63
86 8
86 14
86 17
86 22
86 31
86 48
86 57
86 69
86 72
86 84
87 5
87 24
87 36
87 52
87 72
87 73
87 75
87 79
88 42
88 52
88 53
88 65
88 66
88 70
88 72
88 83
89 18
89 21
89 26
89 29
89 40
89 45
89 47
89 49
89 54
89 67
89 87
90 1
90 3
90 15
90 17
90 18
90 22
90 37
90 41
90 45
90 46
90 62
90 63
90 71
91 1
91 4
91 12
91 13
91 15
91 31
91 32
91 51
91 68
91 81
92 1
92 13
92 17
92 21
92 30
92 50
92 54
92 61
92 62
92 65
93 3
93 29
93 35
93 52
93 55
93 62
93 63
93 68
93 73
94 15
94 23
94 37
94 58
94 77
94 83
