90
180
9 4
10 9
11 6
13 3
14 3
14 6
15 8
17 6
21 15
21 18
22 17
24 17
26 7
27 1
28 7
28 10
28 18
29 1
30 8
30 14
31 10
35 30
35 32
36 13
36 20
37 4
37 19
37 22
38 0
38 29
39 37
40 12
40 34
41 0
41 5
42 40
43 23
43 26
43 42
44 1
44 6
44 16
44 41
45 5
45 16
46 20
46 35
47 10
47 18
47 36
48 3
48 10
48 29
48 30
48 34
50 2
51 1
51 6
51 18
51 41
51 42
52 23
52 31
52 45
54 23
54 36
55 13
55 32
55 44
55 53
55 54
56 19
56 28
56 30
56 33
56 40
56 42
57 0
57 7
57 35
58 29
58 52
59 10
59 17
59 45
59 56
60 43
61 27
61 58
62 61
63 0
63 49
63 51
64 16
64 63
65 26
65 40
66 0
66 9
66 12
66 37
66 39
67 25
68 17
68 49
68 59
69 27
69 28
69 36
69 48
70 39
71 22
71 49
71 65
72 56
73 28
73 39
73 41
73 63
73 67
74 1
74 21
74 42
74 48
74 65
75 20
75 25
75 29
75 32
75 37
75 61
76 17
76 24
76 34
76 73
77 10
77 11
77 35
77 63
78 15
78 76
79 31
79 57
80 1
80 2
80 4
80 32
80 52
80 56
80 57
81 56
81 64
82 14
82 25
82 27
82 35
82 64
83 23
83 40
83 49
83 58
84 13
84 33
84 56
85 11
85 56
86 28
86 44
86 47
86 60
87 7
87 10
87 26
87 75
88 16
88 62
88 69
89 36
89 62
89 63
