45
450
1 0
3 2
4 1
4 2
4 3
5 1
5 3
6 0
6 5
7 3
7 4
7 6
8 0
8 2
8 3
8 4
8 6
8 7
9 0
9 2
10 0
10 1
10 2
10 3
10 5
10 8
11 1
11 2
11 5
11 6
11 9
12 3
12 4
12 5
12 6
12 7
12 8
12 10
13 0
13 2
13 4
13 7
13 9
13 11
13 12
14 2
14 7
14 8
14 12
15 0
15 3
15 5
15 7
15 9
15 10
15 11
15 13
16 7
16 9
16 14
16 15
17 0
17 6
17 9
17 10
17 12
17 13
17 14
17 15
17 16
18 2
18 6
18 7
18 9
18 13
19 0
19 1
19 3
19 5
19 7
19 9
19 11
19 12
19 13
19 16
19 17
19 18
20 4
20 5
20 10
20 12
20 13
20 15
20 16
20 18
21 2
21 5
21 6
21 9
21 10
21 11
21 13
21 16
21 17
21 18
22 1
22 2
22 3
22 4
22 5
22 6
22 9
22 11
22 12
22 14
22 15
22 18
22 19
23 0
23 8
23 10
23 11
23 12
23 14
23 16
23 19
23 21
23 22
24 5
24 7
24 10
24 13
24 14
24 15
24 16
24 17
24 21
25 3
25 4
25 7
25 9
25 14
25 15
25 18
25 20
25 22
25 23
26 1
26 2
26 4
26 5
26 8
26 9
26 10
26 16
26 17
26 18
26 19
26 22
27 0
27 1
27 4
27 5
27 7
27 8
27 9
27 11
27 13
27 14
27 15
27 16
27 17
27 18
27 20
27 21
28 1
28 2
28 3
28 6
28 7
28 8
28 9
28 12
28 14
28 17
28 19
28 20
28 22
28 23
29 0
29 1
29 3
29 6
29 9
29 10
29 11
29 13
29 14
29 18
29 21
29 22
29 24
29 28
30 4
30 5
30 12
30 14
30 15
30 16
30 17
30 18
30 19
30 22
31 1
31 6
31 7
31 8
31 9
31 16
31 19
31 22
31 29
32 3
32 9
32 12
32 17
32 22
32 26
32 28
33 4
33 5
33 7
33 11
33 12
33 13
33 15
33 16
33 17
33 18
33 19
33 20
33 23
33 27
33 29
34 2
34 5
34 6
34 9
34 10
34 11
34 12
34 13
34 15
34 17
34 21
34 23
34 28
34 33
35 1
35 2
35 4
35 6
35 8
35 9
35 12
35 15
35 16
35 17
35 18
35 20
35 24
35 25
35 28
35 31
36 0
36 2
36 3
36 4
36 6
36 7
36 9
36 13
36 19
36 25
36 27
36 29
36 30
36 31
36 33
36 35
37 0
37 2
37 3
37 8
37 10
37 11
37 14
37 15
37 16
37 19
37 22
37 23
37 24
37 25
37 26
37 27
37 31
37 34
37 35
37 36
38 7
38 8
38 10
38 11
38 14
38 15
38 17
38 21
38 23
38 26
38 27
38 28
38 30
38 35
38 36
39 0
39 1
39 2
39 3
39 4
39 6
39 7
39 9
39 17
39 18
39 19
39 20
39 22
39 29
39 30
39 31
39 34
39 37
40 0
40 4
40 6
40 7
40 12
40 13
40 19
40 20
40 23
40 24
40 25
40 26
40 28
40 30
40 32
40 34
40 36
41 0
41 1
41 2
41 3
41 12
41 13
41 14
41 16
41 17
41 19
41 20
41 21
41 24
41 26
41 27
41 30
41 31
41 32
41 37
41 38
42 1
42 2
42 3
42 5
42 7
42 8
42 9
42 12
42 14
42 15
42 17
42 18
42 19
42 24
42 27
42 29
42 30
42 31
42 34
42 41
43 1
43 2
43 5
43 6
43 11
43 12
43 15
43 17
43 19
43 20
43 22
43 23
43 24
43 27
43 28
43 29
43 31
43 33
43 35
43 36
43 37
43 40
43 41
44 0
44 2
44 3
44 4
44 5
44 6
44 7
44 9
44 11
44 12
44 13
44 14
44 15
44 16
44 18
44 20
44 21
44 22
44 29
44 32
44 33
44 34
44 35
44 37
44 38
44 41
44 43
