90
855
2 1
4 3
5 1
6 0
6 2
6 3
7 3
7 4
8 1
8 6
9 1
10 0
10 8
11 0
12 3
12 6
12 8
13 1
13 3
13 4
13 5
14 6
15 1
15 4
15 11
15 13
16 4
16 7
16 13
17 9
17 12
17 13
17 16
18 1
18 10
18 14
19 1
19 3
19 4
19 9
19 11
20 3
20 6
20 8
20 10
21 1
21 5
21 11
21 15
21 20
22 0
22 2
22 6
22 21
23 4
23 11
24 3
24 5
24 8
24 10
25 2
25 4
25 8
25 13
25 18
26 7
26 9
26 14
26 15
26 16
26 20
26 22
26 23
27 5
27 11
27 17
27 20
27 23
28 11
28 21
28 25
29 1
29 4
29 9
29 11
29 13
29 16
29 21
30 1
30 17
30 20
31 5
31 9
31 10
31 15
31 16
31 19
31 23
31 27
31 28
31 30
32 2
32 9
32 10
32 11
32 13
32 21
32 29
32 30
33 5
33 6
33 9
33 12
33 15
33 20
33 26
33 29
34 6
34 7
34 12
34 13
34 16
34 23
34 26
34 29
35 5
35 7
35 15
35 30
36 1
36 9
36 11
36 17
36 20
36 21
36 23
36 26
36 29
36 32
36 33
37 2
37 5
37 23
37 26
37 29
37 30
37 32
38 2
38 9
38 15
38 18
38 31
38 33
39 4
39 20
39 36
39 37
40 3
40 11
40 16
40 19
40 24
40 30
40 34
40 37
41 2
41 3
41 4
41 10
41 13
41 15
41 17
41 22
41 23
41 29
41 36
42 9
42 11
42 21
42 22
42 24
42 36
42 37
42 38
42 41
43 3
43 4
43 7
43 10
43 13
43 21
43 22
43 24
43 25
43 26
43 31
43 36
43 38
43 39
43 42
44 14
44 23
44 25
44 33
44 40
44 43
45 7
45 8
45 9
45 13
45 14
45 21
45 24
45 39
45 41
45 44
46 7
46 12
46 13
46 16
46 20
46 21
46 27
46 28
46 37
46 39
46 40
46 42
47 7
47 8
47 9
47 10
47 16
47 19
47 20
47 26
47 36
47 38
47 39
47 42
48 5
48 10
48 12
48 17
48 21
48 22
48 26
48 29
48 37
48 38
48 42
49 2
49 10
49 13
49 23
49 24
49 37
49 39
49 40
49 41
49 45
49 48
50 4
50 11
50 12
50 13
50 17
50 27
50 29
50 40
51 3
51 7
51 14
51 15
51 20
51 30
51 31
51 32
51 40
52 8
52 10
52 11
52 12
52 26
52 29
52 32
52 44
52 46
52 49
52 51
53 11
53 12
53 19
53 25
53 26
53 30
53 39
53 45
53 47
54 4
54 11
54 19
54 26
54 33
54 41
54 47
54 52
54 53
55 4
55 6
55 7
55 8
55 9
55 10
55 11
55 12
55 13
55 16
55 40
55 45
55 51
55 53
56 0
56 4
56 5
56 11
56 14
56 18
56 23
56 25
56 27
56 28
56 34
56 37
56 40
56 44
56 45
56 46
57 5
57 6
57 9
57 19
57 24
57 25
57 26
57 32
57 43
57 44
57 45
57 52
57 55
58 2
58 3
58 12
58 19
58 20
58 26
58 27
58 32
58 33
58 44
58 51
58 55
59 7
59 17
59 24
59 27
59 35
59 36
59 37
59 39
59 45
59 54
59 56
60 13
60 19
60 25
60 29
60 31
60 33
60 38
60 40
60 41
60 42
60 43
60 49
60 52
60 53
60 56
61 0
61 14
61 19
61 22
61 23
61 28
61 39
61 40
61 42
61 45
61 46
61 47
61 53
61 58
62 4
62 5
62 14
62 15
62 16
62 21
62 30
62 31
62 35
62 38
62 41
62 47
62 51
62 56
62 60
63 8
63 11
63 21
63 29
63 32
63 36
63 38
63 41
63 55
63 62
64 1
64 2
64 7
64 9
64 13
64 18
64 21
64 30
64 34
64 51
64 56
64 57
64 58
64 61
65 1
65 10
65 12
65 14
65 21
65 26
65 28
65 30
65 36
65 37
65 39
65 40
65 41
65 42
65 47
65 49
65 54
66 10
66 12
66 13
66 16
66 26
66 35
66 37
66 38
66 49
66 52
66 54
66 56
66 60
66 65
67 11
67 17
67 21
67 35
67 53
67 58
67 60
67 65
68 9
68 14
68 21
68 23
68 25
68 27
68 32
68 34
68 36
68 37
68 39
68 45
68 56
68 57
68 58
68 62
68 63
68 65
69 1
69 2
69 11
69 14
69 19
69 23
69 29
69 30
69 32
69 33
69 43
69 45
69 46
69 50
69 52
69 55
69 58
69 60
69 65
69 67
70 0
70 6
70 7
70 8
70 20
70 29
70 30
70 32
70 44
70 51
70 53
70 62
70 64
70 67
71 1
71 4
71 6
71 25
71 27
71 29
71 32
71 35
71 37
71 40
71 44
71 47
71 51
71 54
71 56
71 64
72 2
72 4
72 9
72 13
72 15
72 16
72 18
72 22
72 24
72 28
72 63
72 67
72 69
72 71
73 1
73 5
73 7
73 16
73 18
73 21
73 24
73 30
73 37
73 43
73 51
73 56
73 65
73 67
73 68
74 1
74 3
74 6
74 8
74 11
74 12
74 20
74 25
74 26
74 27
74 28
74 29
74 42
74 48
74 56
74 58
74 64
74 67
74 69
75 0
75 4
75 5
75 12
75 13
75 22
75 25
75 30
75 43
75 48
75 54
75 55
75 71
75 72
75 74
76 1
76 8
76 18
76 25
76 28
76 33
76 38
76 41
76 44
76 45
76 46
76 52
76 53
76 54
76 68
76 73
77 1
77 2
77 4
77 6
77 8
77 10
77 16
77 20
77 22
77 36
77 43
77 46
77 53
77 56
77 64
77 70
77 71
77 73
77 76
78 2
78 3
78 7
78 16
78 17
78 21
78 22
78 25
78 29
78 35
78 40
78 41
78 47
78 51
78 52
78 55
78 61
78 64
78 68
78 71
78 75
78 77
79 2
79 3
79 5
79 7
79 10
79 11
79 18
79 19
79 24
79 28
79 29
79 31
79 32
79 34
79 41
79 48
79 49
79 53
79 63
79 74
80 8
80 13
80 14
80 16
80 29
80 33
80 40
80 55
80 63
80 70
80 73
80 75
81 7
81 15
81 17
81 36
81 38
81 39
81 43
81 45
81 49
81 57
81 59
81 61
81 67
81 69
81 80
82 2
82 4
82 19
82 22
82 25
82 27
82 32
82 46
82 52
82 57
82 59
82 61
82 63
83 0
83 2
83 3
83 9
83 23
83 27
83 35
83 38
83 42
83 45
83 48
83 54
83 60
83 70
83 71
83 77
83 81
84 9
84 14
84 17
84 23
84 26
84 28
84 33
84 42
84 43
84 44
84 45
84 48
84 52
84 53
84 58
84 62
84 66
84 67
84 72
84 73
85 2
85 5
85 22
85 29
85 30
85 34
85 35
85 39
85 41
85 42
85 43
85 59
85 65
85 77
85 79
86 1
86 9
86 11
86 13
86 14
86 18
86 21
86 23
86 39
86 43
86 58
86 59
86 60
86 62
86 63
86 67
86 74
86 75
86 79
86 82
87 0
87 8
87 24
87 31
87 36
87 37
87 38
87 42
87 45
87 46
87 52
87 56
87 63
87 73
87 84
88 2
88 3
88 5
88 11
88 15
88 18
88 19
88 22
88 39
88 42
88 43
88 45
88 49
88 55
88 61
88 67
88 71
88 74
88 79
88 85
89 5
89 6
89 7
89 11
89 13
89 19
89 21
89 22
89 24
89 28
89 35
89 43
89 46
89 53
89 67
89 73
89 80
89 86
89 88
