25
125
1 0
2 0
3 2
4 1
4 2
5 2
6 3
6 4
6 5
7 1
8 2
8 6
8 7
9 2
9 3
9 4
9 6
9 8
10 1
10 2
10 4
10 7
10 8
10 9
11 1
11 3
11 4
11 5
11 8
11 10
12 0
12 6
12 7
12 8
12 10
12 11
13 6
13 9
13 10
13 11
14 0
14 2
14 3
14 5
14 6
14 7
14 8
14 9
14 11
14 12
15 3
15 4
15 6
15 11
15 12
15 13
15 14
16 2
16 3
16 6
16 10
16 12
16 13
16 14
17 1
17 6
17 9
17 12
17 14
17 16
18 15
18 16
18 17
19 0
19 1
19 2
19 3
19 11
19 16
19 17
20 0
20 1
20 2
20 3
20 6
20 7
20 9
20 11
20 13
20 14
20 16
20 17
20 18
21 1
21 8
21 9
21 15
21 16
21 17
21 19
22 0
22 10
22 11
22 12
22 13
22 18
22 19
22 20
23 0
23 10
23 13
23 16
23 18
23 19
23 21
24 0
24 3
24 6
24 8
24 11
24 12
24 19
24 20
24 22
24 23
