75
550
3 0
5 0
6 1
6 2
8 5
9 2
9 3
9 4
9 6
10 1
11 1
11 3
11 10
12 0
12 1
12 2
12 3
13 7
13 10
14 6
14 11
15 0
15 3
15 7
16 5
16 14
17 4
17 5
17 10
17 11
17 14
18 4
18 11
18 17
19 2
19 3
19 4
19 9
19 11
19 13
19 15
19 18
20 3
20 4
20 11
20 13
20 15
20 19
21 3
21 11
21 17
21 20
22 1
22 20
23 6
23 9
23 10
24 3
24 6
24 7
24 11
24 14
24 15
24 19
24 22
25 1
25 8
25 12
25 18
25 20
25 24
26 1
26 15
27 4
27 7
27 8
27 9
27 25
27 26
28 2
28 3
28 5
28 7
28 23
29 2
29 13
29 14
29 21
29 24
29 26
29 27
30 0
30 2
30 7
31 8
31 13
31 17
31 20
31 26
31 29
31 30
32 5
32 6
32 7
32 19
32 27
32 29
33 2
33 3
33 11
33 14
33 17
33 26
33 32
34 4
34 5
34 8
34 12
34 15
34 18
34 19
34 26
34 30
34 32
35 8
35 13
35 14
35 28
35 30
36 2
36 3
36 31
37 1
37 4
37 6
37 11
37 18
37 19
37 25
37 32
37 33
37 34
38 0
38 2
38 7
38 10
38 11
38 17
38 21
38 25
38 27
38 34
38 36
39 2
39 7
39 10
39 17
39 23
39 26
39 32
39 33
39 37
40 14
40 15
40 28
40 36
41 3
41 10
41 17
41 21
41 23
41 25
41 27
41 32
41 39
41 40
42 4
42 21
42 24
42 27
42 37
43 9
43 12
43 13
43 18
43 27
43 29
43 36
43 40
44 2
44 3
44 7
44 10
44 14
44 16
44 22
44 23
44 27
44 34
44 43
45 1
45 7
45 10
45 11
45 15
45 23
45 32
45 37
45 41
46 0
46 7
46 11
46 13
46 14
46 31
46 35
46 36
46 44
47 26
47 28
47 35
47 43
47 44
47 46
48 1
48 11
48 17
48 18
48 39
48 44
48 45
49 1
49 9
49 12
49 13
49 14
49 19
49 22
49 23
49 27
49 30
49 32
49 43
49 47
50 0
50 7
50 16
50 17
50 21
50 28
50 30
50 33
50 36
50 40
50 44
50 46
51 1
51 10
51 12
51 23
51 26
51 40
52 3
52 4
52 6
52 10
52 11
52 18
52 22
52 32
52 37
52 44
52 48
52 51
53 3
53 4
53 22
53 27
53 32
53 38
53 39
53 43
53 49
53 52
54 13
54 22
54 27
54 34
54 36
54 41
54 49
54 51
55 0
55 2
55 5
55 18
55 26
55 32
55 37
55 40
55 41
55 44
55 46
55 49
55 52
56 6
56 8
56 12
56 21
56 27
56 41
56 45
56 50
57 0
57 1
57 3
57 5
57 9
57 13
57 28
57 38
57 41
58 2
58 3
58 4
58 10
58 14
58 16
58 21
58 34
58 36
58 43
58 46
58 49
58 54
58 55
59 0
59 12
59 17
59 18
59 22
59 33
59 37
59 39
59 43
59 53
60 5
60 11
60 15
60 16
60 26
60 29
60 30
60 31
60 35
60 41
60 47
60 51
60 53
60 56
61 2
61 6
61 24
61 42
61 43
61 46
61 51
61 58
62 0
62 8
62 17
62 19
62 21
62 26
62 27
62 31
62 45
62 54
62 56
62 58
62 60
63 0
63 4
63 10
63 11
63 17
63 20
63 21
63 22
63 36
63 41
63 44
63 46
63 54
63 55
64 2
64 8
64 9
64 11
64 13
64 22
64 26
64 31
64 36
64 37
64 48
64 52
64 56
64 57
65 5
65 8
65 11
65 16
65 17
65 20
65 24
65 25
65 29
65 36
65 38
65 39
65 41
65 48
65 49
65 53
65 55
65 58
65 64
66 3
66 5
66 11
66 12
66 24
66 27
66 30
66 33
66 35
66 36
66 43
66 50
66 56
66 64
66 65
67 6
67 16
67 17
67 18
67 21
67 23
67 32
67 49
67 51
67 53
67 55
68 2
68 8
68 37
68 43
68 48
68 51
68 55
69 6
69 11
69 12
69 21
69 28
69 29
69 39
69 40
69 53
69 55
69 57
69 60
69 66
70 0
70 2
70 5
70 11
70 12
70 16
70 28
70 36
70 37
70 38
70 39
70 42
70 43
70 56
70 62
70 66
71 1
71 11
71 13
71 18
71 20
71 27
71 28
71 29
71 30
71 36
71 44
71 59
71 64
71 68
72 5
72 8
72 13
72 18
72 23
72 24
72 30
72 37
72 48
72 50
72 51
72 53
72 54
72 55
72 56
72 61
72 62
72 63
73 6
73 8
73 9
73 15
73 22
73 23
73 32
73 37
73 39
73 51
73 52
73 55
73 59
73 60
73 62
73 63
73 66
73 70
74 25
74 29
74 31
74 36
74 42
74 55
74 63
74 66
74 68
74 73
