90
360
3 1
8 3
8 6
9 0
9 5
10 0
12 4
12 7
13 6
14 7
15 8
16 4
16 9
17 6
17 10
19 5
19 17
20 5
20 18
21 8
21 14
22 19
23 2
23 17
24 10
24 14
24 16
24 21
25 9
26 1
26 3
26 5
26 14
27 0
27 9
28 3
28 9
31 4
31 11
31 13
31 18
32 3
32 11
32 14
32 18
32 20
32 23
33 2
33 4
33 11
33 29
34 4
34 21
34 28
34 32
35 2
35 5
35 8
35 9
35 19
35 20
36 11
36 12
36 27
36 34
37 6
37 8
37 18
37 20
37 26
37 31
37 34
38 1
38 29
38 33
39 13
40 4
40 7
41 20
41 21
41 22
41 39
42 9
42 26
42 30
42 31
42 39
43 4
43 20
43 37
45 2
45 10
45 12
45 14
45 15
45 31
45 38
45 44
46 6
46 17
46 25
46 30
47 4
47 16
47 26
47 37
47 39
47 46
48 1
48 2
48 19
48 22
48 27
48 45
49 0
49 3
49 14
49 24
49 36
49 39
49 42
50 13
50 19
50 45
51 13
51 16
51 29
51 38
52 5
52 33
52 42
53 8
53 21
53 41
54 1
54 8
54 13
54 14
54 36
54 51
54 52
55 14
55 32
55 35
55 41
55 44
56 23
56 36
57 39
57 53
57 54
58 12
58 19
58 30
58 33
58 54
59 3
59 29
59 42
59 45
59 53
60 10
60 39
60 40
60 43
60 47
61 6
61 17
61 29
61 54
62 23
62 30
62 35
62 40
62 46
63 4
63 12
63 43
63 48
63 55
64 0
64 8
64 29
64 31
64 38
64 43
64 47
65 5
65 9
65 13
65 32
65 45
65 57
66 4
66 12
66 16
66 22
66 29
66 35
66 36
66 38
67 5
67 9
67 18
67 21
67 53
68 22
68 43
68 64
69 3
69 10
69 14
69 21
69 32
70 23
70 45
70 65
71 0
71 1
71 2
71 18
71 24
71 25
71 38
71 52
71 69
72 15
72 23
72 30
72 36
72 47
72 51
73 20
73 23
73 31
73 45
73 55
74 14
74 23
74 49
74 58
74 64
75 8
75 10
75 11
75 13
75 15
75 32
75 38
75 40
75 52
75 69
76 26
76 38
76 65
76 70
76 71
77 15
77 28
77 50
77 51
77 58
77 67
77 69
77 72
77 74
77 76
78 21
78 37
78 47
78 64
78 72
78 74
79 9
79 11
79 12
79 15
79 55
79 58
79 59
80 4
80 26
80 27
80 40
80 44
80 55
81 5
81 10
81 13
81 32
81 37
81 45
81 56
82 7
82 9
82 10
82 22
82 25
82 33
82 39
82 40
82 56
82 62
82 64
83 8
83 12
83 22
83 25
83 36
83 37
83 40
83 57
83 64
83 74
83 82
84 7
84 8
84 11
84 17
84 20
84 53
84 78
85 1
85 7
85 35
85 41
86 2
86 9
86 13
86 22
86 33
86 47
86 62
87 6
87 11
87 18
87 29
87 31
87 37
87 43
87 51
87 57
88 11
88 26
88 43
88 44
88 60
88 65
88 72
89 7
89 13
89 24
89 27
89 31
89 42
89 46
89 47
89 60
89 66
89 85
