40
180
1 0
3 2
4 2
5 1
5 3
6 0
6 1
6 2
6 3
6 5
7 5
8 0
9 0
9 6
10 0
10 6
10 8
10 9
11 0
12 0
12 2
12 5
12 8
12 10
13 1
13 4
13 7
13 9
13 12
14 0
14 2
14 4
14 6
14 8
15 0
15 5
15 6
15 11
15 14
16 1
16 2
16 3
16 6
17 2
17 12
18 0
18 7
18 10
18 12
18 14
18 15
19 0
19 6
19 13
19 14
19 15
19 16
19 18
20 1
20 15
21 1
21 7
21 8
21 12
21 15
22 0
22 1
22 8
22 16
23 0
23 4
23 10
24 6
24 12
24 13
24 21
25 12
25 15
25 23
26 9
26 15
26 18
27 3
27 4
27 17
27 19
27 24
28 0
28 1
28 12
28 18
28 20
28 21
29 4
29 9
29 11
29 13
29 21
29 22
29 24
30 3
30 5
30 7
30 9
30 10
30 11
30 12
30 13
30 19
31 0
31 18
31 19
31 26
31 27
31 28
32 5
32 6
32 12
32 13
32 28
32 29
33 5
33 9
33 15
33 17
33 19
33 22
33 23
33 26
33 27
33 31
34 1
34 6
34 9
34 11
34 18
34 23
34 29
34 32
35 16
35 18
35 26
36 7
36 9
36 16
36 17
36 22
36 25
36 31
37 4
37 7
37 8
37 10
37 12
37 13
37 15
37 19
37 21
37 29
37 33
37 36
38 3
38 4
38 6
38 19
38 20
38 26
38 27
38 34
38 36
39 6
39 12
39 13
39 16
39 18
39 22
39 28
39 34
39 37
39 38
