75
750
3 0
4 1
4 3
5 1
5 2
6 2
6 4
6 5
7 4
8 7
9 4
11 0
11 3
11 4
12 0
12 5
12 7
12 8
12 9
13 4
13 5
13 11
13 12
14 0
14 1
14 12
15 1
15 7
15 11
15 12
16 4
17 4
17 9
17 11
17 12
17 15
18 1
18 8
18 14
18 15
19 3
19 6
19 9
19 10
19 16
19 17
19 18
20 2
20 5
20 8
20 9
20 17
20 18
21 1
21 2
21 3
21 4
21 8
21 10
21 12
21 17
21 20
22 0
22 5
22 13
22 16
22 17
22 21
23 6
23 11
23 12
24 0
24 4
24 8
24 10
24 11
24 20
25 0
25 4
25 14
25 15
25 21
25 22
25 24
26 1
26 9
26 13
26 17
27 3
27 6
27 19
27 22
27 25
27 26
28 1
28 8
28 9
28 12
28 14
28 18
28 21
28 22
28 25
29 2
29 4
29 5
29 8
29 13
29 14
29 15
29 22
29 23
29 25
30 0
30 1
30 2
30 3
30 4
30 5
30 6
30 14
30 17
30 20
30 21
30 23
30 29
31 3
31 5
31 6
31 9
31 12
31 14
31 22
31 27
31 30
32 1
32 9
32 11
32 15
32 17
32 18
32 26
32 29
32 30
33 3
33 8
33 10
33 14
33 18
34 0
34 3
34 12
34 14
34 17
34 20
34 22
34 29
34 33
35 1
35 3
35 8
35 10
35 11
35 13
35 15
35 25
35 29
35 33
36 1
36 5
36 10
36 15
36 18
36 30
36 35
37 1
37 8
37 9
37 14
37 16
37 26
37 29
37 33
37 36
38 8
38 13
38 14
38 17
38 31
38 36
39 0
39 5
39 9
39 13
39 19
39 22
39 26
39 38
40 9
40 10
40 11
40 15
40 23
40 31
40 32
40 33
40 34
40 38
41 1
41 3
41 8
41 9
41 13
41 17
41 20
41 26
41 32
41 33
41 36
41 37
41 39
42 4
42 9
42 11
42 15
42 21
42 23
42 28
42 32
42 34
42 39
42 40
43 2
43 10
43 15
43 17
43 19
43 26
43 33
43 36
43 39
44 0
44 2
44 10
44 16
44 20
44 22
44 23
44 27
44 29
44 31
44 38
44 42
45 2
45 4
45 7
45 10
45 11
45 14
45 16
45 23
45 25
45 26
45 27
45 37
45 38
45 39
45 40
46 2
46 7
46 11
46 12
46 15
46 19
46 28
46 31
46 32
46 33
47 10
47 29
47 30
47 31
47 32
47 34
47 38
47 45
48 5
48 7
48 8
48 14
48 17
48 23
48 24
48 25
48 26
48 27
48 31
48 33
48 37
48 38
48 39
48 42
48 43
49 0
49 1
49 8
49 10
49 20
49 22
49 25
49 27
49 37
49 38
49 39
49 47
49 48
50 5
50 13
50 19
50 21
50 22
50 25
50 27
50 30
50 35
50 36
50 37
50 38
50 40
50 43
50 45
50 47
50 49
51 0
51 2
51 4
51 10
51 12
51 17
51 18
51 27
51 41
51 42
51 45
51 46
51 47
52 2
52 5
52 11
52 13
52 14
52 16
52 18
52 20
52 23
52 25
52 28
52 29
52 31
52 36
52 38
52 39
52 40
52 45
52 46
52 50
53 4
53 7
53 11
53 12
53 15
53 18
53 20
53 21
53 23
53 28
53 32
53 40
53 41
53 45
53 46
53 52
54 2
54 3
54 4
54 6
54 10
54 13
54 18
54 19
54 24
54 30
54 35
54 39
54 46
54 47
54 51
55 3
55 7
55 8
55 10
55 12
55 15
55 16
55 17
55 18
55 19
55 21
55 29
55 31
55 32
55 37
55 40
55 44
55 45
55 47
55 50
55 51
56 0
56 5
56 8
56 9
56 11
56 12
56 14
56 16
56 19
56 24
56 29
56 30
56 43
56 44
56 48
56 51
56 54
56 55
57 1
57 5
57 15
57 18
57 22
57 24
57 34
57 35
57 40
57 49
57 52
57 54
58 2
58 6
58 8
58 14
58 17
58 19
58 21
58 22
58 24
58 29
58 30
58 32
58 35
58 37
58 42
58 48
58 49
58 52
58 54
58 56
59 18
59 23
59 29
59 35
59 38
59 44
59 49
59 50
59 54
60 1
60 3
60 4
60 11
60 12
60 13
60 15
60 16
60 20
60 27
60 29
60 38
60 39
60 41
60 44
60 46
60 47
60 48
60 50
60 52
60 53
60 55
60 56
60 57
60 59
61 4
61 11
61 13
61 21
61 24
61 25
61 31
61 34
61 40
61 47
61 52
61 54
62 2
62 3
62 8
62 13
62 16
62 17
62 20
62 23
62 24
62 32
62 36
62 40
62 41
62 42
62 49
62 53
63 0
63 5
63 8
63 10
63 11
63 14
63 22
63 23
63 29
63 30
63 32
63 33
63 34
63 35
63 53
63 54
63 55
63 61
64 0
64 4
64 6
64 7
64 8
64 11
64 15
64 17
64 18
64 21
64 23
64 32
64 35
64 38
64 40
64 46
64 49
64 53
64 55
64 57
64 60
64 61
65 11
65 12
65 18
65 21
65 23
65 25
65 30
65 32
65 34
65 40
65 43
65 44
65 48
65 50
65 52
65 55
65 64
66 1
66 11
66 12
66 15
66 20
66 24
66 28
66 29
66 33
66 34
66 35
66 36
66 38
66 42
66 49
66 50
66 53
66 64
67 0
67 8
67 11
67 12
67 15
67 17
67 22
67 29
67 34
67 36
67 40
67 41
67 47
67 58
67 63
67 64
68 2
68 5
68 7
68 11
68 18
68 24
68 28
68 31
68 34
68 36
68 37
68 48
68 53
68 54
68 66
69 0
69 1
69 3
69 7
69 9
69 18
69 23
69 33
69 34
69 40
69 46
69 47
69 48
69 49
69 52
69 56
69 58
69 59
69 64
69 65
70 3
70 5
70 7
70 13
70 18
70 22
70 24
70 28
70 36
70 37
70 49
70 52
70 56
70 57
70 62
70 64
70 65
70 69
71 0
71 4
71 6
71 24
71 30
71 31
71 32
71 35
71 43
71 45
71 56
71 58
71 59
71 69
72 0
72 5
72 6
72 7
72 8
72 9
72 12
72 15
72 16
72 20
72 21
72 23
72 26
72 27
72 29
72 33
72 48
72 55
72 56
72 60
72 61
72 62
72 69
72 70
73 1
73 6
73 9
73 10
73 14
73 18
73 19
73 20
73 27
73 31
73 32
73 35
73 37
73 39
73 45
73 53
73 55
73 58
73 61
73 66
73 68
73 69
74 1
74 3
74 8
74 9
74 16
74 19
74 20
74 27
74 28
74 38
74 46
74 52
74 54
74 57
74 69
74 72
