55
440
1 0
5 0
5 1
6 4
7 0
7 1
7 5
8 0
8 1
8 2
8 5
9 3
10 0
10 3
10 5
10 7
10 9
11 0
11 7
12 6
13 1
13 9
13 12
14 4
14 5
14 10
14 12
15 1
15 2
15 4
15 6
15 9
15 12
16 0
16 4
16 8
16 9
16 11
16 12
16 13
16 14
17 3
17 9
17 12
17 15
18 1
18 5
18 6
18 8
18 14
19 3
19 4
19 10
19 11
19 12
19 16
20 1
20 3
20 4
20 7
20 10
20 15
20 17
21 2
21 6
21 10
21 13
21 15
22 1
22 9
22 10
22 11
22 12
22 15
22 18
23 8
23 13
23 16
23 17
23 20
23 21
24 4
24 8
24 14
24 16
24 17
24 20
24 22
25 5
25 7
25 8
25 12
25 16
25 19
26 2
26 3
26 4
26 7
26 20
26 24
27 5
27 9
27 11
27 12
27 13
27 14
27 15
27 21
27 22
28 5
28 6
28 7
28 9
28 12
28 14
28 16
28 18
29 0
29 2
29 4
29 5
29 9
29 14
29 20
30 6
30 9
30 10
30 24
30 26
31 0
31 1
31 4
31 5
31 6
31 8
31 11
31 15
31 18
31 22
32 0
32 1
32 8
32 14
32 20
32 28
33 8
33 13
33 14
33 16
33 17
33 19
33 21
33 24
33 26
33 29
33 31
34 2
34 6
34 8
34 21
34 23
34 24
34 26
34 27
34 30
34 32
34 33
35 0
35 3
35 6
35 7
35 9
35 14
35 16
35 17
35 18
35 24
35 27
35 28
35 29
35 30
35 32
35 34
36 4
36 5
36 6
36 7
36 16
36 17
36 20
36 26
36 29
36 30
37 0
37 2
37 3
37 7
37 9
37 10
37 18
37 20
37 24
37 26
37 32
37 34
38 5
38 8
38 10
38 13
38 17
38 24
38 27
38 28
38 31
38 37
39 1
39 2
39 4
39 9
39 11
39 15
39 16
39 26
39 27
39 30
39 34
39 35
39 36
40 0
40 3
40 4
40 5
40 6
40 13
40 15
40 16
40 18
40 19
40 20
40 21
40 24
40 25
40 32
40 33
40 35
40 37
40 38
41 5
41 6
41 9
41 12
41 13
41 19
41 20
41 21
41 25
41 27
41 39
42 2
42 4
42 5
42 6
42 11
42 12
42 17
42 18
42 20
42 23
42 25
42 26
42 31
42 34
42 37
43 9
43 12
43 13
43 14
43 18
43 19
43 20
43 22
43 25
43 26
43 32
43 33
43 34
43 35
43 36
43 37
43 41
44 8
44 11
44 17
44 22
44 35
44 38
44 41
45 0
45 1
45 3
45 5
45 8
45 9
45 12
45 15
45 16
45 18
45 28
45 29
45 31
45 32
45 34
45 35
45 39
45 42
45 43
46 6
46 8
46 10
46 11
46 13
46 14
46 19
46 21
46 23
46 26
46 27
46 28
46 30
46 31
46 33
46 35
46 37
46 40
47 1
47 3
47 4
47 10
47 12
47 16
47 18
47 20
47 23
47 28
47 34
47 37
47 41
47 42
47 44
48 1
48 3
48 11
48 12
48 16
48 17
48 26
48 29
48 35
48 39
48 40
48 41
48 43
48 46
49 2
49 10
49 11
49 24
49 25
49 30
49 31
49 32
49 33
49 35
49 36
49 40
49 47
49 48
50 2
50 6
50 8
50 15
50 16
50 18
50 19
50 26
50 27
50 28
50 30
50 32
50 38
50 44
50 48
51 0
51 5
51 6
51 10
51 12
51 13
51 17
51 18
51 30
51 31
51 32
51 35
51 38
51 41
51 44
51 45
51 46
51 49
52 1
52 2
52 6
52 7
52 9
52 11
52 14
52 19
52 28
52 40
53 11
53 15
53 18
53 20
53 22
53 25
53 26
53 27
53 36
53 37
53 40
54 12
54 17
54 26
54 29
54 30
54 31
54 38
54 43
54 45
