90
495
4 1
5 1
6 3
7 5
8 4
9 0
9 2
9 6
10 3
10 4
10 6
10 7
12 3
12 5
12 10
13 11
14 4
15 8
16 10
17 8
17 10
17 12
18 5
18 8
19 3
19 4
19 7
19 11
20 1
20 15
21 5
21 16
22 3
22 4
22 10
22 13
22 20
23 5
23 19
24 12
24 16
25 6
25 16
25 23
26 6
26 10
26 18
26 22
27 17
27 25
27 26
28 0
28 10
28 13
28 14
29 6
29 16
29 20
29 24
30 10
30 17
30 19
30 21
30 24
31 2
31 22
32 2
32 5
32 10
32 12
32 20
32 28
32 31
33 0
33 2
33 10
33 14
33 19
34 12
34 14
34 19
35 13
35 15
35 20
36 6
36 12
36 15
36 18
36 21
36 35
37 4
37 6
37 10
37 22
37 23
37 27
37 36
38 2
38 9
38 13
38 26
39 10
39 27
39 35
40 20
40 27
41 0
41 9
41 16
41 18
41 21
41 29
41 33
42 2
42 15
42 18
42 24
43 3
43 10
43 26
43 34
44 3
44 14
44 27
45 1
45 6
45 10
45 19
45 20
45 21
45 41
46 0
46 5
46 16
46 27
46 31
46 34
46 37
46 39
46 45
47 3
47 8
47 18
47 29
48 7
48 31
48 36
49 11
49 12
49 18
49 31
49 35
49 40
50 23
50 28
50 41
50 48
51 23
51 32
51 35
51 41
51 43
51 44
51 47
51 48
52 19
52 20
52 21
52 24
52 25
52 30
52 32
52 49
53 13
53 17
53 31
53 32
53 38
53 43
53 47
53 48
53 49
54 16
54 31
54 38
54 45
54 53
55 7
55 9
55 22
55 35
55 37
55 40
55 42
55 51
56 8
56 31
56 39
56 47
56 48
56 55
57 9
57 11
57 26
57 40
58 0
58 1
58 2
58 8
58 16
58 32
58 38
58 49
58 57
59 28
59 47
59 52
59 54
59 57
60 0
60 7
60 10
60 18
60 22
60 37
61 4
61 5
61 33
61 34
61 37
61 40
61 45
62 18
62 21
62 32
62 34
62 42
62 51
62 52
63 5
63 7
63 10
63 21
63 29
63 33
63 42
63 43
64 4
64 8
64 10
64 23
64 32
64 33
64 35
64 45
64 47
64 48
64 53
65 1
65 4
65 7
65 27
65 29
65 36
65 45
65 47
66 1
66 17
66 30
66 36
66 37
66 53
66 55
66 60
67 7
67 12
67 21
67 24
67 27
67 28
67 31
67 32
67 39
67 44
67 46
67 52
67 57
67 58
67 60
68 11
68 18
68 19
68 28
68 39
68 47
68 56
68 57
68 64
68 65
68 66
69 26
69 34
69 40
69 45
70 8
70 23
70 25
70 32
70 37
70 41
70 43
70 50
70 62
70 67
71 15
71 28
71 40
71 46
71 59
71 61
71 66
72 4
72 21
72 29
72 30
72 43
72 60
72 65
72 66
73 13
73 16
73 18
73 23
73 55
74 5
74 26
74 33
74 36
74 48
75 0
75 7
75 12
75 22
75 33
75 38
75 52
75 65
75 68
75 73
76 4
76 10
76 18
76 24
76 30
76 73
76 74
76 75
77 13
77 16
77 18
77 24
77 28
77 72
78 10
78 19
78 24
78 26
78 28
78 31
78 35
78 41
78 49
78 52
78 56
78 61
78 64
78 67
78 71
78 75
79 1
79 6
79 7
79 17
79 27
79 32
79 37
79 46
79 49
79 68
79 71
79 78
80 6
80 23
80 33
80 36
80 43
80 46
80 49
80 51
80 66
80 70
80 77
81 9
81 11
81 37
81 41
81 58
81 67
81 74
81 79
82 3
82 13
82 25
82 28
82 31
82 52
82 53
82 66
82 68
82 70
82 75
82 79
83 6
83 17
83 25
83 27
83 30
83 48
83 56
83 57
83 61
83 74
83 79
84 2
84 11
84 17
84 39
84 45
84 58
84 66
84 74
85 9
85 27
85 31
85 43
85 48
85 64
85 73
85 74
85 78
85 81
85 84
86 21
86 22
86 31
86 35
86 42
86 59
86 71
86 77
87 4
87 11
87 15
87 42
87 45
87 50
87 61
87 78
87 83
87 84
88 24
88 29
88 31
88 33
88 37
88 46
88 65
88 69
89 1
89 13
89 24
89 27
89 34
89 42
89 44
89 46
89 51
89 53
89 54
89 58
89 65
89 74
89 77
89 79
89 87
