80
160
6 3
7 2
8 7
9 7
10 1
11 6
12 11
19 4
19 15
21 16
22 17
23 9
24 0
24 14
25 0
25 17
26 0
26 25
27 7
27 21
28 1
29 20
30 7
31 17
32 15
33 17
34 25
34 27
35 1
35 6
35 11
35 25
36 5
37 7
37 32
39 2
39 16
40 18
41 35
42 22
42 26
42 32
42 35
42 38
42 41
43 4
43 25
43 29
44 3
44 35
44 39
44 41
44 43
45 10
45 12
45 23
45 25
45 36
46 0
46 26
46 45
47 1
47 3
47 21
48 6
48 12
48 19
48 32
49 33
50 5
51 50
52 27
53 2
53 16
54 7
54 16
54 34
54 48
55 23
55 31
55 33
55 47
55 51
57 15
57 43
58 2
58 40
58 56
59 27
59 33
60 7
60 8
60 19
61 5
61 6
61 32
61 53
62 21
62 25
63 9
63 24
63 25
63 48
63 51
64 31
64 40
64 63
65 24
65 33
65 36
66 11
66 13
67 9
67 28
67 31
67 40
67 49
67 58
67 60
67 62
68 3
68 26
68 50
68 53
68 67
69 14
70 48
71 1
71 38
71 43
71 48
71 65
72 11
72 16
72 25
72 70
73 20
73 21
73 36
74 8
74 28
74 73
75 8
75 32
75 55
75 58
75 65
76 26
76 28
76 69
77 48
77 68
78 9
78 26
78 31
78 49
78 68
79 20
79 51
79 52
