40
120
4 0
4 3
7 0
8 0
9 5
10 7
10 9
11 6
12 0
12 4
12 9
13 0
13 4
13 6
13 12
14 3
14 4
15 0
15 10
16 0
16 2
17 2
17 14
18 0
18 1
18 16
19 0
19 4
19 6
20 0
20 15
20 16
21 5
21 11
21 19
22 1
22 4
22 15
23 2
23 10
24 1
24 6
24 10
24 14
24 18
25 2
25 7
25 13
25 17
25 18
26 0
26 9
26 10
26 17
26 23
27 6
27 10
27 11
27 15
27 17
27 22
28 2
28 17
28 19
29 8
29 18
29 24
29 27
30 12
30 25
30 27
30 29
31 2
31 3
31 5
31 10
31 14
31 30
32 2
32 4
32 18
32 24
33 9
33 19
33 24
33 27
33 29
33 30
34 10
34 14
34 24
34 30
34 31
35 8
35 9
35 19
35 25
35 28
36 1
36 2
36 3
36 17
36 18
36 19
36 23
36 32
37 3
37 4
37 15
37 21
37 24
38 2
38 4
38 15
38 27
38 29
38 35
39 4
39 32
39 36
