95
350
4 2
7 6
8 2
8 5
9 6
12 5
12 9
13 2
13 6
14 9
15 4
15 5
15 6
16 5
17 13
18 2
18 3
18 10
20 0
20 8
20 17
21 0
21 1
21 16
22 4
22 11
23 20
25 0
25 3
25 19
26 21
28 7
28 21
29 9
30 1
31 0
31 19
32 19
33 5
36 15
36 27
36 35
37 6
37 21
37 22
37 23
37 34
38 6
38 24
38 32
39 3
39 12
40 3
40 23
40 29
41 21
41 27
41 39
42 0
42 15
42 17
42 34
43 4
43 10
43 17
43 39
44 4
44 21
44 37
45 16
46 29
46 39
47 33
48 26
48 31
48 39
48 40
48 42
49 11
49 19
49 45
49 48
50 15
50 32
51 15
51 30
51 36
51 42
52 1
52 4
52 11
52 24
52 39
52 43
52 44
53 1
53 8
53 32
53 34
53 36
53 43
53 50
54 5
54 7
54 11
54 16
55 1
55 17
55 31
55 39
56 15
56 29
56 32
57 20
57 23
57 32
57 33
57 39
57 53
58 3
58 8
59 18
59 19
59 31
59 56
59 57
60 6
60 17
60 21
61 9
61 16
61 23
61 24
61 53
61 60
62 12
62 13
62 26
62 51
62 59
63 12
63 34
63 48
63 52
64 8
64 39
64 56
65 6
65 23
65 27
65 28
65 30
65 51
65 55
66 8
66 15
66 19
66 28
66 53
67 12
67 14
67 18
67 29
67 35
67 41
67 49
68 11
68 13
68 14
68 37
68 48
68 60
68 64
69 5
69 13
69 30
69 48
69 55
69 66
70 5
70 7
70 66
71 9
71 12
71 67
72 19
72 23
72 26
72 37
72 54
72 71
73 5
73 20
73 30
73 34
73 36
73 46
73 53
73 58
73 62
73 68
74 14
74 24
74 49
74 59
74 68
75 22
75 33
75 42
75 48
75 59
76 2
76 5
76 12
76 17
76 20
76 38
76 48
77 4
77 14
77 18
77 26
77 33
77 44
77 52
77 72
78 5
78 8
78 20
78 31
78 47
78 49
78 71
78 76
79 0
79 4
79 21
79 29
79 40
80 8
80 18
80 21
80 39
80 50
80 53
80 72
80 78
81 3
81 22
81 24
81 35
81 37
81 38
81 50
81 54
81 61
81 65
81 69
81 70
81 79
82 11
82 14
83 4
83 13
83 16
83 22
83 29
83 31
83 48
83 63
83 71
84 3
84 31
84 49
84 53
84 64
84 67
84 68
85 12
85 17
85 25
85 27
85 45
85 47
85 63
85 67
85 75
85 76
85 77
85 80
85 82
86 7
86 28
86 32
86 40
86 82
87 5
87 7
87 12
87 19
87 52
87 53
87 64
87 74
87 78
87 86
88 4
88 6
88 7
88 27
88 66
88 68
88 83
89 24
89 37
89 40
89 62
89 75
90 9
90 16
90 35
90 56
90 58
90 78
90 89
91 2
91 25
91 28
91 49
91 63
91 90
92 21
92 42
92 44
92 57
92 72
92 80
93 17
93 21
93 55
93 56
93 67
94 30
94 34
94 36
94 39
94 43
94 56
94 70
94 82
