60
600
3 1
3 2
4 0
4 3
5 0
5 2
6 1
6 3
6 5
7 2
7 5
8 0
8 1
8 5
8 7
9 0
9 2
9 3
9 4
9 5
9 8
10 0
10 1
10 9
11 2
11 3
11 5
11 6
11 9
11 10
12 2
12 4
12 8
12 11
13 5
13 6
14 1
14 8
14 11
14 13
15 1
15 2
15 7
15 8
15 10
15 11
15 13
16 0
16 1
16 3
16 7
16 9
16 13
16 15
17 1
17 2
17 4
17 13
17 14
17 15
18 2
18 4
18 7
18 8
18 12
18 13
18 16
19 1
19 2
19 5
19 6
19 8
19 12
19 13
19 15
19 16
19 18
20 1
20 2
20 4
20 5
20 9
20 11
20 14
20 15
21 6
21 9
21 10
21 12
21 13
21 14
21 18
21 19
22 2
22 4
22 9
22 10
22 16
23 5
23 6
23 7
23 8
23 11
23 21
24 0
24 2
24 5
24 7
24 15
24 20
24 21
24 23
25 0
25 1
25 7
25 8
25 13
25 17
25 18
25 23
25 24
26 2
26 5
26 7
26 10
26 11
26 12
26 14
26 15
26 16
26 17
26 20
27 3
27 5
27 6
27 7
27 8
27 9
27 11
27 12
27 16
27 18
28 1
28 8
28 12
28 13
28 20
28 26
29 0
29 2
29 8
29 18
29 24
29 26
30 0
30 3
30 4
30 6
30 8
30 11
30 13
30 14
30 16
30 20
30 23
30 28
30 29
31 0
31 1
31 5
31 10
31 11
31 20
31 25
32 1
32 3
32 17
32 18
32 20
32 22
32 23
32 27
32 29
32 30
33 6
33 7
33 8
33 9
33 19
33 32
34 1
34 3
34 4
34 5
34 7
34 16
34 17
34 18
34 20
34 29
35 4
35 5
35 6
35 7
35 11
35 12
35 19
35 23
35 24
35 31
35 32
35 33
36 3
36 7
36 8
36 10
36 11
36 13
36 16
36 19
36 20
36 23
36 25
36 26
36 28
36 33
37 1
37 2
37 3
37 4
37 6
37 7
37 15
37 20
37 23
37 24
37 30
37 36
38 3
38 21
38 22
38 24
38 25
38 27
38 31
38 33
38 34
38 36
39 0
39 8
39 11
39 15
39 17
39 19
39 25
39 26
39 30
39 31
39 36
40 0
40 6
40 7
40 9
40 10
40 13
40 18
40 19
40 20
40 22
40 24
40 28
40 29
40 31
40 32
40 36
41 3
41 5
41 6
41 11
41 17
41 19
41 20
41 24
41 25
41 29
41 39
42 1
42 3
42 6
42 7
42 14
42 15
42 16
42 20
42 23
42 24
42 31
42 32
42 34
42 36
42 37
42 38
42 40
43 5
43 8
43 11
43 13
43 14
43 24
43 28
43 29
43 36
43 37
43 38
43 41
43 42
44 0
44 1
44 2
44 9
44 11
44 13
44 14
44 15
44 16
44 18
44 20
44 23
44 26
44 28
44 31
44 33
44 34
44 35
44 36
44 39
44 40
44 41
45 2
45 7
45 12
45 13
45 16
45 19
45 22
45 23
45 26
45 27
45 28
45 31
45 32
45 38
45 41
45 42
45 43
46 0
46 1
46 5
46 9
46 12
46 13
46 16
46 22
46 23
46 26
46 27
46 35
46 38
46 39
46 41
46 44
46 45
47 0
47 1
47 4
47 7
47 10
47 15
47 17
47 20
47 21
47 24
47 29
47 31
47 36
47 45
48 1
48 3
48 5
48 7
48 10
48 12
48 21
48 22
48 24
48 26
48 30
48 33
48 35
48 37
48 42
48 43
49 0
49 1
49 5
49 6
49 8
49 11
49 14
49 18
49 19
49 22
49 23
49 25
49 26
49 33
49 40
49 41
49 42
49 47
50 3
50 4
50 5
50 13
50 15
50 19
50 22
50 32
50 34
50 44
50 45
50 47
51 1
51 3
51 6
51 8
51 10
51 16
51 18
51 19
51 20
51 26
51 28
51 30
51 31
51 35
51 39
51 40
52 0
52 2
52 8
52 13
52 15
52 20
52 21
52 22
52 24
52 26
52 29
52 36
52 39
52 42
52 45
52 46
52 51
53 8
53 14
53 15
53 20
53 21
53 22
53 23
53 27
53 29
53 31
53 35
53 37
53 40
53 42
53 45
53 51
54 3
54 9
54 15
54 20
54 24
54 27
54 28
54 30
54 34
54 37
54 38
54 42
54 48
54 49
55 3
55 5
55 7
55 9
55 11
55 12
55 13
55 17
55 20
55 24
55 25
55 27
55 29
55 32
55 34
55 35
55 36
55 43
55 44
55 46
55 52
55 54
56 0
56 1
56 2
56 5
56 8
56 11
56 13
56 14
56 21
56 25
56 28
56 29
56 30
56 32
56 38
56 43
56 48
56 51
57 0
57 2
57 3
57 4
57 7
57 13
57 14
57 19
57 20
57 23
57 25
57 29
57 33
57 35
57 36
57 41
57 42
57 44
57 46
57 47
57 48
57 51
57 53
57 55
58 7
58 8
58 11
58 15
58 16
58 24
58 27
58 31
58 35
58 37
58 38
58 39
58 40
58 46
58 50
58 51
58 53
58 54
58 55
58 57
59 8
59 10
59 12
59 15
59 16
59 22
59 23
59 26
59 32
59 33
59 38
59 40
59 41
59 42
59 45
59 46
59 50
59 52
59 53
59 56
59 57
