35
175
3 0
4 3
5 0
5 4
6 5
7 4
8 2
8 6
8 7
9 1
9 3
9 4
9 7
10 3
10 9
11 3
11 4
11 6
11 9
12 0
12 1
12 6
12 9
12 10
13 1
13 3
14 3
14 10
15 0
15 1
15 2
15 5
15 6
15 7
15 9
15 12
16 0
16 1
16 2
16 6
16 13
17 4
17 10
17 13
17 14
18 0
18 13
18 14
18 16
18 17
19 3
19 5
19 8
19 10
19 11
19 14
19 16
20 1
20 2
20 3
20 8
20 9
20 11
20 16
20 17
21 2
21 11
21 18
21 19
22 1
22 2
22 5
22 7
22 12
22 13
22 16
22 19
22 21
23 0
23 5
23 8
23 13
23 14
23 18
24 1
24 3
24 10
24 13
24 14
24 15
25 0
25 3
25 11
25 20
25 21
25 23
26 1
26 7
26 8
26 9
26 10
26 16
26 21
27 4
27 8
27 11
27 13
27 18
27 20
28 0
28 6
28 7
28 17
28 20
28 23
28 25
29 7
29 9
29 11
29 17
29 19
29 20
29 22
29 25
29 27
30 2
30 5
30 6
30 9
30 12
30 14
30 19
30 27
30 28
30 29
31 4
31 6
31 10
31 13
31 14
31 15
31 18
31 22
31 28
31 30
32 0
32 12
32 16
32 17
32 21
32 22
32 27
32 30
32 31
33 2
33 5
33 8
33 9
33 10
33 13
33 17
33 21
33 30
33 32
34 3
34 6
34 12
34 14
34 16
34 17
34 23
34 28
34 29
34 32
34 33
